2.184889103338936121e-03
0.000000000000000000e+00
0.000000000000000000e+00
0.000000000000000000e+00
0.000000000000000000e+00
0.000000000000000000e+00
0.000000000000000000e+00
0.000000000000000000e+00
0.000000000000000000e+00
4.583691919720785622e-03
0.000000000000000000e+00
4.389372836484798854e-03
4.407695781090396024e-03
4.653651041497309138e-04
0.000000000000000000e+00
0.000000000000000000e+00
0.000000000000000000e+00
0.000000000000000000e+00
6.568589647891011352e-03
8.676734892029740187e-03
0.000000000000000000e+00
0.000000000000000000e+00
0.000000000000000000e+00
0.000000000000000000e+00
3.636385558299718747e-03
0.000000000000000000e+00
0.000000000000000000e+00
0.000000000000000000e+00
0.000000000000000000e+00
0.000000000000000000e+00
1.479435165942712127e-02
0.000000000000000000e+00
1.656287491128994871e-01
9.986866267982277487e-03
1.318061059829332693e-02
0.000000000000000000e+00
0.000000000000000000e+00
0.000000000000000000e+00
0.000000000000000000e+00
3.943019730966879771e-02
0.000000000000000000e+00
0.000000000000000000e+00
0.000000000000000000e+00
0.000000000000000000e+00
1.266668660735360483e-02
6.214301030252960059e-03
4.878634011310691715e-03
1.316023196211676786e-02
0.000000000000000000e+00
8.571946693611335460e-03
4.929288514111827314e-03
0.000000000000000000e+00
0.000000000000000000e+00
0.000000000000000000e+00
0.000000000000000000e+00
0.000000000000000000e+00
4.005618027562383434e-04
4.887416615148388287e-03
0.000000000000000000e+00
0.000000000000000000e+00
7.860269540815836148e-03
0.000000000000000000e+00
0.000000000000000000e+00
0.000000000000000000e+00
0.000000000000000000e+00
0.000000000000000000e+00
0.000000000000000000e+00
0.000000000000000000e+00
7.169288683932177608e-03
1.221735320987624336e-02
0.000000000000000000e+00
0.000000000000000000e+00
0.000000000000000000e+00
5.279516993562805537e-03
0.000000000000000000e+00
0.000000000000000000e+00
6.673417507896226009e-03
0.000000000000000000e+00
0.000000000000000000e+00
0.000000000000000000e+00
0.000000000000000000e+00
0.000000000000000000e+00
0.000000000000000000e+00
0.000000000000000000e+00
6.751113699282237576e-03
0.000000000000000000e+00
0.000000000000000000e+00
7.163586313074785279e-03
0.000000000000000000e+00
1.192734006493712841e-02
0.000000000000000000e+00
0.000000000000000000e+00
0.000000000000000000e+00
8.270522792717860741e-03
8.166389079307297127e-02
0.000000000000000000e+00
4.126615323850627882e-03
7.149079957249613801e-03
0.000000000000000000e+00
1.743394800622199016e-04
0.000000000000000000e+00
0.000000000000000000e+00
0.000000000000000000e+00
0.000000000000000000e+00
0.000000000000000000e+00
0.000000000000000000e+00
0.000000000000000000e+00
0.000000000000000000e+00
1.351175461599822200e-02
9.144590171895930833e-03
0.000000000000000000e+00
6.178486220419716470e-06
0.000000000000000000e+00
0.000000000000000000e+00
1.243338436081485240e-02
0.000000000000000000e+00
0.000000000000000000e+00
0.000000000000000000e+00
0.000000000000000000e+00
0.000000000000000000e+00
0.000000000000000000e+00
2.502556995497880275e-03
0.000000000000000000e+00
0.000000000000000000e+00
7.825521080384600231e-03
3.913435475966652033e-02
0.000000000000000000e+00
0.000000000000000000e+00
0.000000000000000000e+00
0.000000000000000000e+00
0.000000000000000000e+00
0.000000000000000000e+00
0.000000000000000000e+00
0.000000000000000000e+00
0.000000000000000000e+00
0.000000000000000000e+00
0.000000000000000000e+00
0.000000000000000000e+00
9.926163694925839096e-03
3.231444624191724875e-04
0.000000000000000000e+00
0.000000000000000000e+00
0.000000000000000000e+00
0.000000000000000000e+00
0.000000000000000000e+00
0.000000000000000000e+00
8.962602957070110732e-03
0.000000000000000000e+00
6.653990226342317319e-04
3.786284855112658637e-03
0.000000000000000000e+00
0.000000000000000000e+00
0.000000000000000000e+00
0.000000000000000000e+00
0.000000000000000000e+00
0.000000000000000000e+00
0.000000000000000000e+00
0.000000000000000000e+00
0.000000000000000000e+00
0.000000000000000000e+00
0.000000000000000000e+00
0.000000000000000000e+00
0.000000000000000000e+00
0.000000000000000000e+00
0.000000000000000000e+00
0.000000000000000000e+00
0.000000000000000000e+00
0.000000000000000000e+00
0.000000000000000000e+00
9.137916702092565777e-03
0.000000000000000000e+00
4.837746350541037577e-03
0.000000000000000000e+00
0.000000000000000000e+00
7.492529486904805046e-03
6.361629120658008263e-04
5.873191644506170700e-04
0.000000000000000000e+00
9.421425043725691062e-02
1.946087022972047649e-03
0.000000000000000000e+00
3.772899786862201395e-03
4.900388496985264389e-07
9.588587731852404178e-03
0.000000000000000000e+00
0.000000000000000000e+00
0.000000000000000000e+00
0.000000000000000000e+00
8.808174884754733230e-03
0.000000000000000000e+00
0.000000000000000000e+00
0.000000000000000000e+00
0.000000000000000000e+00
1.293721423553314589e-05
0.000000000000000000e+00
0.000000000000000000e+00
0.000000000000000000e+00
2.707421863370273497e-03
0.000000000000000000e+00
0.000000000000000000e+00
0.000000000000000000e+00
0.000000000000000000e+00
0.000000000000000000e+00
9.806930444979471834e-03
0.000000000000000000e+00
0.000000000000000000e+00
0.000000000000000000e+00
0.000000000000000000e+00
0.000000000000000000e+00
0.000000000000000000e+00
0.000000000000000000e+00
0.000000000000000000e+00
0.000000000000000000e+00
0.000000000000000000e+00
9.162269482634354586e-04
