5.348058741910362507e-04
0.000000000000000000e+00
0.000000000000000000e+00
0.000000000000000000e+00
0.000000000000000000e+00
0.000000000000000000e+00
0.000000000000000000e+00
0.000000000000000000e+00
0.000000000000000000e+00
3.429702421499226765e-04
0.000000000000000000e+00
4.388784316117120936e-03
1.435495477970218483e-03
9.295116289918202695e-04
0.000000000000000000e+00
0.000000000000000000e+00
0.000000000000000000e+00
0.000000000000000000e+00
3.789124539687331226e-04
1.117913190478661166e-03
0.000000000000000000e+00
0.000000000000000000e+00
0.000000000000000000e+00
0.000000000000000000e+00
9.410294388078745500e-05
0.000000000000000000e+00
0.000000000000000000e+00
0.000000000000000000e+00
0.000000000000000000e+00
0.000000000000000000e+00
1.602210269458637562e-05
0.000000000000000000e+00
5.645298851663596573e-02
9.989606094627546951e-04
7.707235456571053965e-04
0.000000000000000000e+00
0.000000000000000000e+00
0.000000000000000000e+00
0.000000000000000000e+00
7.227996431840698170e-03
0.000000000000000000e+00
0.000000000000000000e+00
0.000000000000000000e+00
0.000000000000000000e+00
2.600797319645096486e-04
1.567953590134854797e-03
6.779461190494591102e-04
2.236141529174188926e-03
0.000000000000000000e+00
1.091949778975863025e-03
1.318727351172868786e-03
0.000000000000000000e+00
0.000000000000000000e+00
0.000000000000000000e+00
0.000000000000000000e+00
0.000000000000000000e+00
5.668660186485659035e-05
9.205280352248954761e-04
0.000000000000000000e+00
0.000000000000000000e+00
1.569795943156866973e-03
0.000000000000000000e+00
0.000000000000000000e+00
0.000000000000000000e+00
0.000000000000000000e+00
0.000000000000000000e+00
0.000000000000000000e+00
0.000000000000000000e+00
2.663110089299963962e-05
8.840689103790321421e-06
0.000000000000000000e+00
0.000000000000000000e+00
0.000000000000000000e+00
2.437093834472458132e-03
0.000000000000000000e+00
0.000000000000000000e+00
1.172298984399071809e-03
0.000000000000000000e+00
0.000000000000000000e+00
0.000000000000000000e+00
0.000000000000000000e+00
0.000000000000000000e+00
0.000000000000000000e+00
0.000000000000000000e+00
3.769681941726549593e-03
0.000000000000000000e+00
0.000000000000000000e+00
4.818303905529080881e-04
0.000000000000000000e+00
7.026394773516018424e-04
0.000000000000000000e+00
0.000000000000000000e+00
0.000000000000000000e+00
1.590507302635114082e-04
2.082696384462466837e-04
0.000000000000000000e+00
3.131922117496669603e-04
5.284187720905357197e-04
0.000000000000000000e+00
1.743409109160135321e-04
0.000000000000000000e+00
0.000000000000000000e+00
0.000000000000000000e+00
0.000000000000000000e+00
0.000000000000000000e+00
0.000000000000000000e+00
0.000000000000000000e+00
0.000000000000000000e+00
1.003517077643749280e-04
9.321072463239493818e-05
0.000000000000000000e+00
4.853174831366972907e-04
0.000000000000000000e+00
0.000000000000000000e+00
5.965886184586996835e-03
0.000000000000000000e+00
0.000000000000000000e+00
0.000000000000000000e+00
0.000000000000000000e+00
0.000000000000000000e+00
0.000000000000000000e+00
3.591973934397988170e-04
0.000000000000000000e+00
0.000000000000000000e+00
1.957838620431366378e-03
3.858653698979890717e-02
0.000000000000000000e+00
0.000000000000000000e+00
0.000000000000000000e+00
0.000000000000000000e+00
0.000000000000000000e+00
0.000000000000000000e+00
0.000000000000000000e+00
0.000000000000000000e+00
0.000000000000000000e+00
0.000000000000000000e+00
0.000000000000000000e+00
0.000000000000000000e+00
1.149123102680755766e-03
4.942493166784198193e-05
0.000000000000000000e+00
0.000000000000000000e+00
0.000000000000000000e+00
0.000000000000000000e+00
0.000000000000000000e+00
0.000000000000000000e+00
1.123808398999607671e-03
0.000000000000000000e+00
2.610950699311046826e-05
2.145259345063090298e-04
0.000000000000000000e+00
0.000000000000000000e+00
0.000000000000000000e+00
0.000000000000000000e+00
0.000000000000000000e+00
0.000000000000000000e+00
0.000000000000000000e+00
0.000000000000000000e+00
0.000000000000000000e+00
0.000000000000000000e+00
0.000000000000000000e+00
0.000000000000000000e+00
0.000000000000000000e+00
0.000000000000000000e+00
0.000000000000000000e+00
0.000000000000000000e+00
0.000000000000000000e+00
0.000000000000000000e+00
0.000000000000000000e+00
1.113274322016557117e-03
0.000000000000000000e+00
1.180702771944335764e-03
0.000000000000000000e+00
0.000000000000000000e+00
8.761354055352092544e-04
7.960628858526908419e-07
2.260109953963156315e-07
0.000000000000000000e+00
4.222629693434588946e-06
4.323358391554379000e-04
0.000000000000000000e+00
2.464928762167044232e-03
2.855166999284466174e-04
1.861589717281372401e-03
0.000000000000000000e+00
0.000000000000000000e+00
0.000000000000000000e+00
0.000000000000000000e+00
9.069217186237941378e-04
0.000000000000000000e+00
0.000000000000000000e+00
0.000000000000000000e+00
0.000000000000000000e+00
1.293620176299650393e-05
0.000000000000000000e+00
0.000000000000000000e+00
0.000000000000000000e+00
7.826338640866626001e-05
0.000000000000000000e+00
0.000000000000000000e+00
0.000000000000000000e+00
0.000000000000000000e+00
0.000000000000000000e+00
1.252147101734082208e-03
0.000000000000000000e+00
0.000000000000000000e+00
0.000000000000000000e+00
0.000000000000000000e+00
0.000000000000000000e+00
0.000000000000000000e+00
0.000000000000000000e+00
0.000000000000000000e+00
0.000000000000000000e+00
0.000000000000000000e+00
9.162285404719260539e-04
