6.874767796660697858e-05
0.000000000000000000e+00
0.000000000000000000e+00
0.000000000000000000e+00
0.000000000000000000e+00
0.000000000000000000e+00
0.000000000000000000e+00
0.000000000000000000e+00
0.000000000000000000e+00
2.034825110328383345e-04
0.000000000000000000e+00
7.184681001027449013e-03
5.819113278314349104e-04
1.311491712642156573e-03
0.000000000000000000e+00
0.000000000000000000e+00
0.000000000000000000e+00
0.000000000000000000e+00
4.488204927117576401e-05
3.431941263535487254e-04
0.000000000000000000e+00
0.000000000000000000e+00
0.000000000000000000e+00
0.000000000000000000e+00
1.103919832928800082e-05
0.000000000000000000e+00
0.000000000000000000e+00
0.000000000000000000e+00
0.000000000000000000e+00
0.000000000000000000e+00
3.213573500809263042e-04
0.000000000000000000e+00
5.044149855647436093e-02
3.128689162485083258e-04
1.171455122109757050e-04
0.000000000000000000e+00
0.000000000000000000e+00
0.000000000000000000e+00
0.000000000000000000e+00
4.000543984751943685e-03
0.000000000000000000e+00
0.000000000000000000e+00
0.000000000000000000e+00
0.000000000000000000e+00
4.626505011685624034e-05
6.430827356910375023e-04
1.199519130000858025e-04
2.452771676333645630e-04
0.000000000000000000e+00
3.873390290335023268e-04
5.233720860180699755e-04
0.000000000000000000e+00
0.000000000000000000e+00
0.000000000000000000e+00
0.000000000000000000e+00
0.000000000000000000e+00
3.607345822971676024e-04
6.339581108018697451e-04
0.000000000000000000e+00
0.000000000000000000e+00
1.058916692113117113e-04
0.000000000000000000e+00
0.000000000000000000e+00
0.000000000000000000e+00
0.000000000000000000e+00
0.000000000000000000e+00
0.000000000000000000e+00
0.000000000000000000e+00
1.152476983700974182e-04
4.195110980832185784e-05
0.000000000000000000e+00
0.000000000000000000e+00
0.000000000000000000e+00
1.289036279718984218e-03
0.000000000000000000e+00
0.000000000000000000e+00
2.101736497848440089e-04
0.000000000000000000e+00
0.000000000000000000e+00
0.000000000000000000e+00
0.000000000000000000e+00
0.000000000000000000e+00
0.000000000000000000e+00
0.000000000000000000e+00
2.384440283794201504e-03
0.000000000000000000e+00
0.000000000000000000e+00
5.371659756097631942e-05
0.000000000000000000e+00
1.751988684445969144e-04
0.000000000000000000e+00
0.000000000000000000e+00
0.000000000000000000e+00
3.731945455492235026e-06
2.367011035510982168e-07
0.000000000000000000e+00
2.262156068709481494e-05
4.736689605670013257e-05
0.000000000000000000e+00
8.820590720692503403e-05
0.000000000000000000e+00
0.000000000000000000e+00
0.000000000000000000e+00
0.000000000000000000e+00
0.000000000000000000e+00
0.000000000000000000e+00
0.000000000000000000e+00
0.000000000000000000e+00
6.131412289224681027e-04
2.827706596848223331e-03
0.000000000000000000e+00
1.028767394055029368e-03
0.000000000000000000e+00
0.000000000000000000e+00
2.400203401337928715e-04
0.000000000000000000e+00
0.000000000000000000e+00
0.000000000000000000e+00
0.000000000000000000e+00
0.000000000000000000e+00
0.000000000000000000e+00
8.236470834580318775e-04
0.000000000000000000e+00
0.000000000000000000e+00
2.756177268163820842e-05
1.645311184281933806e-02
0.000000000000000000e+00
0.000000000000000000e+00
0.000000000000000000e+00
0.000000000000000000e+00
0.000000000000000000e+00
0.000000000000000000e+00
0.000000000000000000e+00
0.000000000000000000e+00
0.000000000000000000e+00
0.000000000000000000e+00
0.000000000000000000e+00
0.000000000000000000e+00
2.759877982019291395e-04
1.193008097075194866e-07
0.000000000000000000e+00
0.000000000000000000e+00
0.000000000000000000e+00
0.000000000000000000e+00
0.000000000000000000e+00
0.000000000000000000e+00
4.983152021771956685e-05
0.000000000000000000e+00
5.392930090286779941e-05
2.338274363939169787e-06
0.000000000000000000e+00
0.000000000000000000e+00
0.000000000000000000e+00
0.000000000000000000e+00
0.000000000000000000e+00
0.000000000000000000e+00
0.000000000000000000e+00
0.000000000000000000e+00
0.000000000000000000e+00
0.000000000000000000e+00
0.000000000000000000e+00
0.000000000000000000e+00
0.000000000000000000e+00
0.000000000000000000e+00
0.000000000000000000e+00
0.000000000000000000e+00
0.000000000000000000e+00
0.000000000000000000e+00
0.000000000000000000e+00
3.344922138582724354e-04
0.000000000000000000e+00
4.152082413615759888e-04
0.000000000000000000e+00
0.000000000000000000e+00
3.291597113690898115e-04
6.508526184844820215e-05
6.478477470371546627e-05
0.000000000000000000e+00
1.651171260648233463e-04
1.991444895716283029e-04
0.000000000000000000e+00
1.399555716229066099e-03
4.378944989238405666e-02
8.541170759795752195e-04
0.000000000000000000e+00
0.000000000000000000e+00
0.000000000000000000e+00
0.000000000000000000e+00
3.013783155142209106e-04
0.000000000000000000e+00
0.000000000000000000e+00
0.000000000000000000e+00
0.000000000000000000e+00
3.762887313842781323e-04
0.000000000000000000e+00
0.000000000000000000e+00
0.000000000000000000e+00
4.431832029825475474e-05
0.000000000000000000e+00
0.000000000000000000e+00
0.000000000000000000e+00
0.000000000000000000e+00
0.000000000000000000e+00
4.810141149967132011e-04
0.000000000000000000e+00
0.000000000000000000e+00
0.000000000000000000e+00
0.000000000000000000e+00
0.000000000000000000e+00
0.000000000000000000e+00
0.000000000000000000e+00
0.000000000000000000e+00
0.000000000000000000e+00
0.000000000000000000e+00
3.446342050661239335e-03
