5.348052818047711009e-04
0.000000000000000000e+00
0.000000000000000000e+00
0.000000000000000000e+00
0.000000000000000000e+00
0.000000000000000000e+00
0.000000000000000000e+00
0.000000000000000000e+00
0.000000000000000000e+00
3.429702835343330066e-04
0.000000000000000000e+00
4.389375534174500687e-03
4.213637448904433919e-05
9.295105322364730300e-04
0.000000000000000000e+00
0.000000000000000000e+00
0.000000000000000000e+00
0.000000000000000000e+00
3.789102702158233930e-04
1.117913371473673112e-03
0.000000000000000000e+00
0.000000000000000000e+00
0.000000000000000000e+00
0.000000000000000000e+00
9.410274944157412185e-05
0.000000000000000000e+00
0.000000000000000000e+00
0.000000000000000000e+00
0.000000000000000000e+00
0.000000000000000000e+00
1.602224262244325776e-05
0.000000000000000000e+00
2.901318359132346814e+05
9.989603241207611721e-04
7.705400907318009840e-04
0.000000000000000000e+00
0.000000000000000000e+00
0.000000000000000000e+00
0.000000000000000000e+00
7.227993571681998013e-03
0.000000000000000000e+00
0.000000000000000000e+00
0.000000000000000000e+00
0.000000000000000000e+00
2.600805734565997960e-04
1.567953778303755614e-03
6.779461796847163421e-04
2.236140949832402143e-03
0.000000000000000000e+00
1.091950037405391887e-03
1.373883437674938398e-03
0.000000000000000000e+00
0.000000000000000000e+00
0.000000000000000000e+00
0.000000000000000000e+00
0.000000000000000000e+00
5.668658303895906408e-05
9.205282176715899470e-04
0.000000000000000000e+00
0.000000000000000000e+00
1.569795776136921790e-03
0.000000000000000000e+00
0.000000000000000000e+00
0.000000000000000000e+00
0.000000000000000000e+00
0.000000000000000000e+00
0.000000000000000000e+00
0.000000000000000000e+00
2.663125384166748318e-05
8.832997829038028844e-06
0.000000000000000000e+00
0.000000000000000000e+00
0.000000000000000000e+00
2.437103718171492687e-03
0.000000000000000000e+00
0.000000000000000000e+00
1.172298651254007756e-03
0.000000000000000000e+00
0.000000000000000000e+00
0.000000000000000000e+00
0.000000000000000000e+00
0.000000000000000000e+00
0.000000000000000000e+00
0.000000000000000000e+00
3.769681592952786250e-03
0.000000000000000000e+00
0.000000000000000000e+00
4.818304817076770425e-04
0.000000000000000000e+00
7.026331392197651985e-04
0.000000000000000000e+00
0.000000000000000000e+00
0.000000000000000000e+00
3.062354024432004259e-04
2.082695586107180335e-04
0.000000000000000000e+00
3.131921539605562240e-04
5.284163117763119926e-04
0.000000000000000000e+00
7.805940686524877889e-04
0.000000000000000000e+00
0.000000000000000000e+00
0.000000000000000000e+00
0.000000000000000000e+00
0.000000000000000000e+00
0.000000000000000000e+00
0.000000000000000000e+00
0.000000000000000000e+00
1.002492147432967347e-04
9.306133163434400523e-05
0.000000000000000000e+00
4.853178662378466730e-04
0.000000000000000000e+00
0.000000000000000000e+00
4.418056718863834194e-04
0.000000000000000000e+00
0.000000000000000000e+00
0.000000000000000000e+00
0.000000000000000000e+00
0.000000000000000000e+00
0.000000000000000000e+00
3.591973020318665411e-04
0.000000000000000000e+00
0.000000000000000000e+00
1.957877223243724516e-03
3.858653769523914812e-02
0.000000000000000000e+00
0.000000000000000000e+00
0.000000000000000000e+00
0.000000000000000000e+00
0.000000000000000000e+00
0.000000000000000000e+00
0.000000000000000000e+00
0.000000000000000000e+00
0.000000000000000000e+00
0.000000000000000000e+00
0.000000000000000000e+00
0.000000000000000000e+00
1.149123491506381326e-03
4.942492806270106333e-05
0.000000000000000000e+00
0.000000000000000000e+00
0.000000000000000000e+00
0.000000000000000000e+00
0.000000000000000000e+00
0.000000000000000000e+00
1.123808682366233408e-03
0.000000000000000000e+00
2.610941868771477127e-05
2.145257042123145164e-04
0.000000000000000000e+00
0.000000000000000000e+00
0.000000000000000000e+00
0.000000000000000000e+00
0.000000000000000000e+00
0.000000000000000000e+00
0.000000000000000000e+00
0.000000000000000000e+00
0.000000000000000000e+00
0.000000000000000000e+00
0.000000000000000000e+00
0.000000000000000000e+00
0.000000000000000000e+00
0.000000000000000000e+00
0.000000000000000000e+00
0.000000000000000000e+00
0.000000000000000000e+00
0.000000000000000000e+00
0.000000000000000000e+00
1.113287175723669037e-03
0.000000000000000000e+00
1.180702361230444915e-03
0.000000000000000000e+00
0.000000000000000000e+00
8.761334999527107094e-04
7.960665047311816352e-07
2.272304155710055302e-07
0.000000000000000000e+00
4.228496102136283247e-06
4.323353165898096524e-04
0.000000000000000000e+00
8.873342643415146891e-02
2.855166719337840398e-04
5.184329056574855343e+01
0.000000000000000000e+00
0.000000000000000000e+00
0.000000000000000000e+00
0.000000000000000000e+00
9.069216421552889987e-04
0.000000000000000000e+00
0.000000000000000000e+00
0.000000000000000000e+00
0.000000000000000000e+00
5.030223350403579730e+01
0.000000000000000000e+00
0.000000000000000000e+00
0.000000000000000000e+00
7.829369823819261050e-05
0.000000000000000000e+00
0.000000000000000000e+00
0.000000000000000000e+00
0.000000000000000000e+00
0.000000000000000000e+00
1.252155123129041706e-03
0.000000000000000000e+00
0.000000000000000000e+00
0.000000000000000000e+00
0.000000000000000000e+00
0.000000000000000000e+00
0.000000000000000000e+00
0.000000000000000000e+00
0.000000000000000000e+00
0.000000000000000000e+00
0.000000000000000000e+00
9.162274618964879984e-04
