2.184889081374582175e-03
0.000000000000000000e+00
0.000000000000000000e+00
0.000000000000000000e+00
0.000000000000000000e+00
0.000000000000000000e+00
0.000000000000000000e+00
0.000000000000000000e+00
0.000000000000000000e+00
4.583693740059480506e-03
0.000000000000000000e+00
4.389373043647489502e-03
4.407693071409319284e-03
4.653649319796402295e-04
0.000000000000000000e+00
0.000000000000000000e+00
0.000000000000000000e+00
0.000000000000000000e+00
6.829751395945655827e-03
8.676736996194974599e-03
0.000000000000000000e+00
0.000000000000000000e+00
0.000000000000000000e+00
0.000000000000000000e+00
3.636382112617794499e-03
0.000000000000000000e+00
0.000000000000000000e+00
0.000000000000000000e+00
0.000000000000000000e+00
0.000000000000000000e+00
1.479435194469684751e-02
0.000000000000000000e+00
1.656287377791531290e-01
9.986866510411255421e-03
1.318061386215544327e-02
0.000000000000000000e+00
0.000000000000000000e+00
0.000000000000000000e+00
0.000000000000000000e+00
3.943020574592173699e-02
0.000000000000000000e+00
0.000000000000000000e+00
0.000000000000000000e+00
0.000000000000000000e+00
1.266669152615307672e-02
6.214296900316516881e-03
4.878634099299413926e-03
1.316023306260232818e-02
0.000000000000000000e+00
8.571948142148096486e-03
4.929284462737656275e-03
0.000000000000000000e+00
0.000000000000000000e+00
0.000000000000000000e+00
0.000000000000000000e+00
0.000000000000000000e+00
4.005619173134923800e-04
4.887413122729469123e-03
0.000000000000000000e+00
0.000000000000000000e+00
7.860269212112719339e-03
0.000000000000000000e+00
0.000000000000000000e+00
0.000000000000000000e+00
0.000000000000000000e+00
0.000000000000000000e+00
0.000000000000000000e+00
0.000000000000000000e+00
7.169287978969246695e-03
1.174743391665631796e-03
0.000000000000000000e+00
0.000000000000000000e+00
0.000000000000000000e+00
5.279516979455277891e-03
0.000000000000000000e+00
0.000000000000000000e+00
6.673417891073243034e-03
0.000000000000000000e+00
0.000000000000000000e+00
0.000000000000000000e+00
0.000000000000000000e+00
0.000000000000000000e+00
0.000000000000000000e+00
0.000000000000000000e+00
6.751100508194940453e-03
0.000000000000000000e+00
0.000000000000000000e+00
1.693255403342256923e-02
0.000000000000000000e+00
1.192734501520961721e-02
0.000000000000000000e+00
0.000000000000000000e+00
0.000000000000000000e+00
8.270523660083560838e-03
2.138761009817012095e-03
0.000000000000000000e+00
4.126612090665722314e-03
7.149082271589287697e-03
0.000000000000000000e+00
1.743416981871453086e-04
0.000000000000000000e+00
0.000000000000000000e+00
0.000000000000000000e+00
0.000000000000000000e+00
0.000000000000000000e+00
0.000000000000000000e+00
0.000000000000000000e+00
0.000000000000000000e+00
1.351175882293065636e-02
9.144592019802182462e-03
0.000000000000000000e+00
6.177863030537826646e-06
0.000000000000000000e+00
0.000000000000000000e+00
1.243338138121359050e-02
0.000000000000000000e+00
0.000000000000000000e+00
0.000000000000000000e+00
0.000000000000000000e+00
0.000000000000000000e+00
0.000000000000000000e+00
2.502553235948450690e-03
0.000000000000000000e+00
0.000000000000000000e+00
7.825532602808006263e-03
3.913435541826463387e-02
0.000000000000000000e+00
0.000000000000000000e+00
0.000000000000000000e+00
0.000000000000000000e+00
0.000000000000000000e+00
0.000000000000000000e+00
0.000000000000000000e+00
0.000000000000000000e+00
0.000000000000000000e+00
0.000000000000000000e+00
0.000000000000000000e+00
0.000000000000000000e+00
9.926162728135165536e-03
3.231444236321898557e-04
0.000000000000000000e+00
0.000000000000000000e+00
0.000000000000000000e+00
0.000000000000000000e+00
0.000000000000000000e+00
0.000000000000000000e+00
8.962598754070698684e-03
0.000000000000000000e+00
3.495768156978837915e-01
3.786286338618883619e-03
0.000000000000000000e+00
0.000000000000000000e+00
0.000000000000000000e+00
0.000000000000000000e+00
0.000000000000000000e+00
0.000000000000000000e+00
0.000000000000000000e+00
0.000000000000000000e+00
0.000000000000000000e+00
0.000000000000000000e+00
0.000000000000000000e+00
0.000000000000000000e+00
0.000000000000000000e+00
0.000000000000000000e+00
0.000000000000000000e+00
0.000000000000000000e+00
0.000000000000000000e+00
0.000000000000000000e+00
0.000000000000000000e+00
9.137924396099181626e-03
0.000000000000000000e+00
4.837742869095210639e-03
0.000000000000000000e+00
0.000000000000000000e+00
7.492533763364916423e-03
6.361628025188013165e-04
2.485989819112866157e-03
0.000000000000000000e+00
4.833064265434211700e-03
1.946083676198231884e-03
0.000000000000000000e+00
3.772896055029265842e-03
4.900664625009968776e-07
9.588583092530257243e-03
0.000000000000000000e+00
0.000000000000000000e+00
0.000000000000000000e+00
0.000000000000000000e+00
8.808173412581318806e-03
0.000000000000000000e+00
0.000000000000000000e+00
0.000000000000000000e+00
0.000000000000000000e+00
1.293645380702221469e-05
0.000000000000000000e+00
0.000000000000000000e+00
0.000000000000000000e+00
2.707422364217136612e-03
0.000000000000000000e+00
0.000000000000000000e+00
0.000000000000000000e+00
0.000000000000000000e+00
0.000000000000000000e+00
9.806932371536902782e-03
0.000000000000000000e+00
0.000000000000000000e+00
0.000000000000000000e+00
0.000000000000000000e+00
0.000000000000000000e+00
0.000000000000000000e+00
0.000000000000000000e+00
0.000000000000000000e+00
0.000000000000000000e+00
0.000000000000000000e+00
9.162266601230882644e-04
