3.847541662793877294e-05
0.000000000000000000e+00
0.000000000000000000e+00
0.000000000000000000e+00
0.000000000000000000e+00
0.000000000000000000e+00
0.000000000000000000e+00
0.000000000000000000e+00
0.000000000000000000e+00
9.852548917959235081e-05
0.000000000000000000e+00
8.745637920209360650e-03
1.059166830763741440e-05
3.185966250921775256e-03
0.000000000000000000e+00
0.000000000000000000e+00
0.000000000000000000e+00
0.000000000000000000e+00
3.122287770320589148e-05
2.649872498321673600e-05
0.000000000000000000e+00
0.000000000000000000e+00
0.000000000000000000e+00
0.000000000000000000e+00
1.989238953912358119e-04
0.000000000000000000e+00
0.000000000000000000e+00
0.000000000000000000e+00
0.000000000000000000e+00
0.000000000000000000e+00
2.024202423122337282e-08
0.000000000000000000e+00
8.448905630609679362e-02
9.147221616866080938e-06
9.833362152612772943e-06
0.000000000000000000e+00
0.000000000000000000e+00
0.000000000000000000e+00
0.000000000000000000e+00
5.792394996660488703e-03
0.000000000000000000e+00
0.000000000000000000e+00
0.000000000000000000e+00
0.000000000000000000e+00
1.731367456189514725e-05
2.817764764550472574e-04
6.471784423302112124e-05
1.972903869659485999e-04
0.000000000000000000e+00
3.558565907367270525e-07
1.624854869776448684e-04
0.000000000000000000e+00
0.000000000000000000e+00
0.000000000000000000e+00
0.000000000000000000e+00
0.000000000000000000e+00
5.044828228479284653e-04
7.470761883759824569e-05
0.000000000000000000e+00
0.000000000000000000e+00
7.069810331849274345e-04
0.000000000000000000e+00
0.000000000000000000e+00
0.000000000000000000e+00
0.000000000000000000e+00
0.000000000000000000e+00
0.000000000000000000e+00
0.000000000000000000e+00
1.772304109027516661e-04
3.497807280081365782e-04
0.000000000000000000e+00
0.000000000000000000e+00
0.000000000000000000e+00
1.086059161375782967e-04
0.000000000000000000e+00
0.000000000000000000e+00
1.569787291829428141e-04
0.000000000000000000e+00
0.000000000000000000e+00
0.000000000000000000e+00
0.000000000000000000e+00
0.000000000000000000e+00
0.000000000000000000e+00
0.000000000000000000e+00
5.353588679554071922e-04
0.000000000000000000e+00
0.000000000000000000e+00
3.818164517636735399e-05
0.000000000000000000e+00
3.910553754849544785e-05
0.000000000000000000e+00
0.000000000000000000e+00
0.000000000000000000e+00
2.294998011960211354e-07
1.754710319407661544e-05
0.000000000000000000e+00
2.954785213405096683e-04
2.112186239204306919e-06
0.000000000000000000e+00
8.673254756011786193e-04
0.000000000000000000e+00
0.000000000000000000e+00
0.000000000000000000e+00
0.000000000000000000e+00
0.000000000000000000e+00
0.000000000000000000e+00
0.000000000000000000e+00
0.000000000000000000e+00
5.796765772104301665e-05
1.372216629206243459e-06
0.000000000000000000e+00
1.647619517030215206e-03
0.000000000000000000e+00
0.000000000000000000e+00
7.141411127672681036e-05
0.000000000000000000e+00
0.000000000000000000e+00
0.000000000000000000e+00
0.000000000000000000e+00
0.000000000000000000e+00
0.000000000000000000e+00
1.675824813532445640e-03
0.000000000000000000e+00
0.000000000000000000e+00
4.310630463196763688e-04
2.840103491125245405e-02
0.000000000000000000e+00
0.000000000000000000e+00
0.000000000000000000e+00
0.000000000000000000e+00
0.000000000000000000e+00
0.000000000000000000e+00
0.000000000000000000e+00
0.000000000000000000e+00
0.000000000000000000e+00
0.000000000000000000e+00
0.000000000000000000e+00
0.000000000000000000e+00
1.375787268311520170e-05
2.853227771952409035e-06
0.000000000000000000e+00
0.000000000000000000e+00
0.000000000000000000e+00
0.000000000000000000e+00
0.000000000000000000e+00
0.000000000000000000e+00
7.674059541301251098e-06
0.000000000000000000e+00
1.458761779274943878e-03
3.089539238363635774e-04
0.000000000000000000e+00
0.000000000000000000e+00
0.000000000000000000e+00
0.000000000000000000e+00
0.000000000000000000e+00
0.000000000000000000e+00
0.000000000000000000e+00
0.000000000000000000e+00
0.000000000000000000e+00
0.000000000000000000e+00
0.000000000000000000e+00
0.000000000000000000e+00
0.000000000000000000e+00
0.000000000000000000e+00
0.000000000000000000e+00
0.000000000000000000e+00
0.000000000000000000e+00
0.000000000000000000e+00
0.000000000000000000e+00
1.838388627568101371e-04
0.000000000000000000e+00
4.787361653848140846e-05
0.000000000000000000e+00
0.000000000000000000e+00
4.225852692403480817e-05
3.928628954529381109e-05
2.229084200659368833e-04
0.000000000000000000e+00
4.743201650828692754e-04
1.304388953502339877e-03
0.000000000000000000e+00
1.639187547688453087e-04
1.208541606722387217e-03
2.031908940287642800e-04
0.000000000000000000e+00
0.000000000000000000e+00
0.000000000000000000e+00
0.000000000000000000e+00
7.278646522195467313e-05
0.000000000000000000e+00
0.000000000000000000e+00
0.000000000000000000e+00
0.000000000000000000e+00
8.771640824998013896e-05
0.000000000000000000e+00
0.000000000000000000e+00
0.000000000000000000e+00
2.138754889455408558e-04
0.000000000000000000e+00
0.000000000000000000e+00
0.000000000000000000e+00
0.000000000000000000e+00
0.000000000000000000e+00
9.195676516763964261e-06
0.000000000000000000e+00
0.000000000000000000e+00
0.000000000000000000e+00
0.000000000000000000e+00
0.000000000000000000e+00
0.000000000000000000e+00
0.000000000000000000e+00
0.000000000000000000e+00
0.000000000000000000e+00
0.000000000000000000e+00
3.885991097168309955e-03
