7.913608409188816601e-05
0.000000000000000000e+00
0.000000000000000000e+00
0.000000000000000000e+00
0.000000000000000000e+00
0.000000000000000000e+00
0.000000000000000000e+00
0.000000000000000000e+00
0.000000000000000000e+00
2.275923164056897741e-04
0.000000000000000000e+00
3.105676997105457152e-03
7.323364830652110585e-05
8.956930572669662659e-04
0.000000000000000000e+00
0.000000000000000000e+00
0.000000000000000000e+00
0.000000000000000000e+00
2.488263674528020971e-06
3.817394792335833306e-05
0.000000000000000000e+00
0.000000000000000000e+00
0.000000000000000000e+00
0.000000000000000000e+00
1.127468854927436042e-05
0.000000000000000000e+00
0.000000000000000000e+00
0.000000000000000000e+00
0.000000000000000000e+00
0.000000000000000000e+00
5.456841268310966321e-06
0.000000000000000000e+00
1.027704739180818755e-01
9.338419887619158280e-05
4.423210173464012072e-06
0.000000000000000000e+00
0.000000000000000000e+00
0.000000000000000000e+00
0.000000000000000000e+00
5.305400212994853572e-03
0.000000000000000000e+00
0.000000000000000000e+00
0.000000000000000000e+00
0.000000000000000000e+00
1.520951584543895790e-06
3.645478118217832506e-04
7.442259395352656651e-05
3.094959058954588164e-04
0.000000000000000000e+00
2.405365560797716452e-06
9.680300920046020570e-05
0.000000000000000000e+00
0.000000000000000000e+00
0.000000000000000000e+00
0.000000000000000000e+00
0.000000000000000000e+00
6.711500496672044547e-05
8.886934552045724651e-04
0.000000000000000000e+00
0.000000000000000000e+00
6.884988579410405377e-04
0.000000000000000000e+00
0.000000000000000000e+00
0.000000000000000000e+00
0.000000000000000000e+00
0.000000000000000000e+00
0.000000000000000000e+00
0.000000000000000000e+00
1.258138424095863118e-05
3.359390546769450430e-05
0.000000000000000000e+00
0.000000000000000000e+00
0.000000000000000000e+00
2.067841384348976369e-04
0.000000000000000000e+00
0.000000000000000000e+00
1.279919331054299610e-04
0.000000000000000000e+00
0.000000000000000000e+00
0.000000000000000000e+00
0.000000000000000000e+00
0.000000000000000000e+00
0.000000000000000000e+00
0.000000000000000000e+00
5.780674059301292795e-04
0.000000000000000000e+00
0.000000000000000000e+00
4.577609750162224447e-05
0.000000000000000000e+00
2.637312228345990459e-05
0.000000000000000000e+00
0.000000000000000000e+00
0.000000000000000000e+00
1.922308095970756122e-05
2.226903203379567416e-06
0.000000000000000000e+00
2.864879680886754502e-04
8.958284275191134765e-06
0.000000000000000000e+00
3.400877789891978390e-04
0.000000000000000000e+00
0.000000000000000000e+00
0.000000000000000000e+00
0.000000000000000000e+00
0.000000000000000000e+00
0.000000000000000000e+00
0.000000000000000000e+00
0.000000000000000000e+00
5.802025015115956923e-05
3.944721502562471014e-05
0.000000000000000000e+00
7.255851433945164752e-04
0.000000000000000000e+00
0.000000000000000000e+00
7.585745873481024510e-05
0.000000000000000000e+00
0.000000000000000000e+00
0.000000000000000000e+00
0.000000000000000000e+00
0.000000000000000000e+00
0.000000000000000000e+00
6.747142109840007559e-04
0.000000000000000000e+00
0.000000000000000000e+00
2.860914321649966961e-04
2.141100777233822042e-02
0.000000000000000000e+00
0.000000000000000000e+00
0.000000000000000000e+00
0.000000000000000000e+00
0.000000000000000000e+00
0.000000000000000000e+00
0.000000000000000000e+00
0.000000000000000000e+00
0.000000000000000000e+00
0.000000000000000000e+00
0.000000000000000000e+00
0.000000000000000000e+00
1.704905519243652356e-04
4.542090412782428522e-06
0.000000000000000000e+00
0.000000000000000000e+00
0.000000000000000000e+00
0.000000000000000000e+00
0.000000000000000000e+00
0.000000000000000000e+00
6.619969180709433870e-05
0.000000000000000000e+00
2.163656995829652267e-05
1.222573317537515236e-04
0.000000000000000000e+00
0.000000000000000000e+00
0.000000000000000000e+00
0.000000000000000000e+00
0.000000000000000000e+00
0.000000000000000000e+00
0.000000000000000000e+00
0.000000000000000000e+00
0.000000000000000000e+00
0.000000000000000000e+00
0.000000000000000000e+00
0.000000000000000000e+00
0.000000000000000000e+00
0.000000000000000000e+00
0.000000000000000000e+00
0.000000000000000000e+00
0.000000000000000000e+00
0.000000000000000000e+00
0.000000000000000000e+00
2.213656088896102871e-04
0.000000000000000000e+00
4.348196343542854212e-05
0.000000000000000000e+00
0.000000000000000000e+00
3.806028729091255424e-05
4.321990704536472688e-07
4.704384231962593108e-05
0.000000000000000000e+00
1.570883483459697700e-04
2.779010389821261152e-04
0.000000000000000000e+00
1.783674969475915249e-04
3.203531683084523537e-04
1.424235080781102660e-04
0.000000000000000000e+00
0.000000000000000000e+00
0.000000000000000000e+00
0.000000000000000000e+00
5.368722451896592852e-05
0.000000000000000000e+00
0.000000000000000000e+00
0.000000000000000000e+00
0.000000000000000000e+00
5.012855625272349394e-05
0.000000000000000000e+00
0.000000000000000000e+00
0.000000000000000000e+00
1.636610165094307351e-04
0.000000000000000000e+00
0.000000000000000000e+00
0.000000000000000000e+00
0.000000000000000000e+00
0.000000000000000000e+00
1.521235107592053837e-05
0.000000000000000000e+00
0.000000000000000000e+00
0.000000000000000000e+00
0.000000000000000000e+00
0.000000000000000000e+00
0.000000000000000000e+00
0.000000000000000000e+00
0.000000000000000000e+00
0.000000000000000000e+00
0.000000000000000000e+00
9.002110953510815677e-04
