5.348059790877745731e-04
0.000000000000000000e+00
0.000000000000000000e+00
0.000000000000000000e+00
0.000000000000000000e+00
0.000000000000000000e+00
0.000000000000000000e+00
0.000000000000000000e+00
0.000000000000000000e+00
3.429702402599814023e-04
0.000000000000000000e+00
4.389374034878582367e-03
1.435494528554212600e-03
9.295113914561263556e-04
0.000000000000000000e+00
0.000000000000000000e+00
0.000000000000000000e+00
0.000000000000000000e+00
3.789122214037942988e-04
1.117914081661144227e-03
0.000000000000000000e+00
0.000000000000000000e+00
0.000000000000000000e+00
0.000000000000000000e+00
9.410277544403107758e-05
0.000000000000000000e+00
0.000000000000000000e+00
0.000000000000000000e+00
0.000000000000000000e+00
0.000000000000000000e+00
3.990443887722083018e+05
0.000000000000000000e+00
5.645289667561511487e-02
9.989603350022005848e-04
7.707247075694976515e-04
0.000000000000000000e+00
0.000000000000000000e+00
0.000000000000000000e+00
0.000000000000000000e+00
7.227997013587078405e-03
0.000000000000000000e+00
0.000000000000000000e+00
0.000000000000000000e+00
0.000000000000000000e+00
2.762104918312169657e-02
1.567952557453259179e-03
6.779460399143151430e-04
2.236141427864723769e-03
0.000000000000000000e+00
1.091949916516701119e-03
1.318727292809422115e-03
0.000000000000000000e+00
0.000000000000000000e+00
0.000000000000000000e+00
0.000000000000000000e+00
0.000000000000000000e+00
5.668658367683199049e-05
9.205276934429258880e-04
0.000000000000000000e+00
0.000000000000000000e+00
1.569795791798685777e-03
0.000000000000000000e+00
0.000000000000000000e+00
0.000000000000000000e+00
0.000000000000000000e+00
0.000000000000000000e+00
0.000000000000000000e+00
0.000000000000000000e+00
2.663104980213258828e-05
8.833004872595425047e-06
0.000000000000000000e+00
0.000000000000000000e+00
0.000000000000000000e+00
2.437113503240514231e-03
0.000000000000000000e+00
0.000000000000000000e+00
1.172298683052021414e-03
0.000000000000000000e+00
0.000000000000000000e+00
0.000000000000000000e+00
0.000000000000000000e+00
0.000000000000000000e+00
0.000000000000000000e+00
0.000000000000000000e+00
3.769683189247756156e-03
0.000000000000000000e+00
0.000000000000000000e+00
1.503794060220393046e-03
0.000000000000000000e+00
7.026485402209851861e-04
0.000000000000000000e+00
0.000000000000000000e+00
0.000000000000000000e+00
1.590501815284366951e-04
2.082697366274188604e-04
0.000000000000000000e+00
3.101464564870941862e-04
5.284183486047926105e-04
0.000000000000000000e+00
1.743396195334648931e-04
0.000000000000000000e+00
0.000000000000000000e+00
0.000000000000000000e+00
0.000000000000000000e+00
0.000000000000000000e+00
0.000000000000000000e+00
0.000000000000000000e+00
0.000000000000000000e+00
1.003516343219140478e-04
9.320645747121144046e-05
0.000000000000000000e+00
4.853175896114568012e-04
0.000000000000000000e+00
0.000000000000000000e+00
4.418057104878214919e-04
0.000000000000000000e+00
0.000000000000000000e+00
0.000000000000000000e+00
0.000000000000000000e+00
0.000000000000000000e+00
0.000000000000000000e+00
3.591972549913339933e-04
0.000000000000000000e+00
0.000000000000000000e+00
1.957839103839740472e-03
3.858656033688983439e-02
0.000000000000000000e+00
0.000000000000000000e+00
0.000000000000000000e+00
0.000000000000000000e+00
0.000000000000000000e+00
0.000000000000000000e+00
0.000000000000000000e+00
0.000000000000000000e+00
0.000000000000000000e+00
0.000000000000000000e+00
0.000000000000000000e+00
0.000000000000000000e+00
1.149123211778735982e-03
4.942492741045057935e-05
0.000000000000000000e+00
0.000000000000000000e+00
0.000000000000000000e+00
0.000000000000000000e+00
0.000000000000000000e+00
0.000000000000000000e+00
1.123808459328592968e-03
0.000000000000000000e+00
2.610950027890293967e-05
2.145263439572425018e-04
0.000000000000000000e+00
0.000000000000000000e+00
0.000000000000000000e+00
0.000000000000000000e+00
0.000000000000000000e+00
0.000000000000000000e+00
0.000000000000000000e+00
0.000000000000000000e+00
0.000000000000000000e+00
0.000000000000000000e+00
0.000000000000000000e+00
0.000000000000000000e+00
0.000000000000000000e+00
0.000000000000000000e+00
0.000000000000000000e+00
0.000000000000000000e+00
0.000000000000000000e+00
0.000000000000000000e+00
0.000000000000000000e+00
1.113293997180399243e-03
0.000000000000000000e+00
1.180702255905270335e-03
0.000000000000000000e+00
0.000000000000000000e+00
8.761329112980331896e-04
7.960676990819689914e-07
2.272298231797237125e-07
0.000000000000000000e+00
4.228354989779086637e-06
4.323355256152691369e-04
0.000000000000000000e+00
2.464926598855230692e-03
2.855165835537960871e-04
1.861590348736358140e-03
0.000000000000000000e+00
0.000000000000000000e+00
0.000000000000000000e+00
0.000000000000000000e+00
9.069214368968888784e-04
0.000000000000000000e+00
0.000000000000000000e+00
0.000000000000000000e+00
0.000000000000000000e+00
1.046872051822519967e-01
0.000000000000000000e+00
0.000000000000000000e+00
0.000000000000000000e+00
7.826341212548748355e-05
0.000000000000000000e+00
0.000000000000000000e+00
0.000000000000000000e+00
0.000000000000000000e+00
0.000000000000000000e+00
1.252152561196189211e-03
0.000000000000000000e+00
0.000000000000000000e+00
0.000000000000000000e+00
0.000000000000000000e+00
0.000000000000000000e+00
0.000000000000000000e+00
0.000000000000000000e+00
0.000000000000000000e+00
0.000000000000000000e+00
0.000000000000000000e+00
9.162293637600743210e-04
