3.222098320010917784e-05
0.000000000000000000e+00
0.000000000000000000e+00
0.000000000000000000e+00
0.000000000000000000e+00
0.000000000000000000e+00
0.000000000000000000e+00
0.000000000000000000e+00
0.000000000000000000e+00
1.252364502114331618e-04
0.000000000000000000e+00
1.229188837790326158e-02
1.676057676741270447e-04
2.665633489789331640e-03
0.000000000000000000e+00
0.000000000000000000e+00
0.000000000000000000e+00
0.000000000000000000e+00
1.788373542702200693e-09
3.828037988751762169e-05
0.000000000000000000e+00
0.000000000000000000e+00
0.000000000000000000e+00
0.000000000000000000e+00
8.365205500091818557e-05
0.000000000000000000e+00
0.000000000000000000e+00
0.000000000000000000e+00
0.000000000000000000e+00
0.000000000000000000e+00
7.095307127202085735e-07
0.000000000000000000e+00
1.032956764046678022e-01
1.093727699790845835e-04
1.482760012305032672e-06
0.000000000000000000e+00
0.000000000000000000e+00
0.000000000000000000e+00
0.000000000000000000e+00
5.305395051683257576e-03
0.000000000000000000e+00
0.000000000000000000e+00
0.000000000000000000e+00
0.000000000000000000e+00
5.311870539017766053e-05
3.729239061467192850e-04
7.757834039386546018e-05
2.204562441654114998e-04
0.000000000000000000e+00
5.509839654788860818e-05
1.541730079869718857e-04
0.000000000000000000e+00
0.000000000000000000e+00
0.000000000000000000e+00
0.000000000000000000e+00
0.000000000000000000e+00
9.836075497571206085e-05
4.055919259914591429e-04
0.000000000000000000e+00
0.000000000000000000e+00
4.953691817251623230e-04
0.000000000000000000e+00
0.000000000000000000e+00
0.000000000000000000e+00
0.000000000000000000e+00
0.000000000000000000e+00
0.000000000000000000e+00
0.000000000000000000e+00
1.844410123825609375e-04
1.807885075929293875e-06
0.000000000000000000e+00
0.000000000000000000e+00
0.000000000000000000e+00
8.234987262763140276e-05
0.000000000000000000e+00
0.000000000000000000e+00
1.502148791961965813e-04
0.000000000000000000e+00
0.000000000000000000e+00
0.000000000000000000e+00
0.000000000000000000e+00
0.000000000000000000e+00
0.000000000000000000e+00
0.000000000000000000e+00
4.742155922104836132e-04
0.000000000000000000e+00
0.000000000000000000e+00
7.959563860448835404e-05
0.000000000000000000e+00
6.521123183176771590e-06
0.000000000000000000e+00
0.000000000000000000e+00
0.000000000000000000e+00
1.680389975761003993e-05
3.959345636328503404e-06
0.000000000000000000e+00
5.993969558815011008e-04
1.442909742733771260e-05
0.000000000000000000e+00
1.229846150603879663e-05
0.000000000000000000e+00
0.000000000000000000e+00
0.000000000000000000e+00
0.000000000000000000e+00
0.000000000000000000e+00
0.000000000000000000e+00
0.000000000000000000e+00
0.000000000000000000e+00
5.079069431713570675e-05
7.481673956492602973e-02
0.000000000000000000e+00
1.510467050013309179e-03
0.000000000000000000e+00
0.000000000000000000e+00
9.196318895114363148e-05
0.000000000000000000e+00
0.000000000000000000e+00
0.000000000000000000e+00
0.000000000000000000e+00
0.000000000000000000e+00
0.000000000000000000e+00
1.528844246429637887e-03
0.000000000000000000e+00
0.000000000000000000e+00
2.797049052463723056e-04
2.081499860976641220e-02
0.000000000000000000e+00
0.000000000000000000e+00
0.000000000000000000e+00
0.000000000000000000e+00
0.000000000000000000e+00
0.000000000000000000e+00
0.000000000000000000e+00
0.000000000000000000e+00
0.000000000000000000e+00
0.000000000000000000e+00
0.000000000000000000e+00
0.000000000000000000e+00
1.616212061273026484e-04
4.806948802834788513e-08
0.000000000000000000e+00
0.000000000000000000e+00
0.000000000000000000e+00
0.000000000000000000e+00
0.000000000000000000e+00
0.000000000000000000e+00
8.606200660272140816e-06
0.000000000000000000e+00
2.218841632730402688e-05
1.698764933763544446e-05
0.000000000000000000e+00
0.000000000000000000e+00
0.000000000000000000e+00
0.000000000000000000e+00
0.000000000000000000e+00
0.000000000000000000e+00
0.000000000000000000e+00
0.000000000000000000e+00
0.000000000000000000e+00
0.000000000000000000e+00
0.000000000000000000e+00
0.000000000000000000e+00
0.000000000000000000e+00
0.000000000000000000e+00
0.000000000000000000e+00
0.000000000000000000e+00
0.000000000000000000e+00
0.000000000000000000e+00
0.000000000000000000e+00
2.823089550391906294e-04
0.000000000000000000e+00
2.237190635632425843e-05
0.000000000000000000e+00
0.000000000000000000e+00
3.806021403308428383e-05
2.593967251287165746e-04
7.437812954398335399e-05
0.000000000000000000e+00
2.153670008403569722e-04
2.319721329714546693e-04
0.000000000000000000e+00
8.490645215323425004e-05
4.435180200421555484e-04
1.296040697524201632e-04
0.000000000000000000e+00
0.000000000000000000e+00
0.000000000000000000e+00
0.000000000000000000e+00
6.645300632802165249e-05
0.000000000000000000e+00
0.000000000000000000e+00
0.000000000000000000e+00
0.000000000000000000e+00
4.302010025518852472e-06
0.000000000000000000e+00
0.000000000000000000e+00
0.000000000000000000e+00
1.331570437768623562e-04
0.000000000000000000e+00
0.000000000000000000e+00
0.000000000000000000e+00
0.000000000000000000e+00
0.000000000000000000e+00
4.231775035985792916e-05
0.000000000000000000e+00
0.000000000000000000e+00
0.000000000000000000e+00
0.000000000000000000e+00
0.000000000000000000e+00
0.000000000000000000e+00
0.000000000000000000e+00
0.000000000000000000e+00
0.000000000000000000e+00
0.000000000000000000e+00
1.054457757693273972e-03
