3.344581676232994353e-06
0.000000000000000000e+00
0.000000000000000000e+00
0.000000000000000000e+00
0.000000000000000000e+00
0.000000000000000000e+00
0.000000000000000000e+00
0.000000000000000000e+00
0.000000000000000000e+00
1.273448204780956402e-04
0.000000000000000000e+00
3.105676527962490489e-03
3.939482185250156316e-05
2.699059571088936304e-03
0.000000000000000000e+00
0.000000000000000000e+00
0.000000000000000000e+00
0.000000000000000000e+00
2.244301516842936106e-06
3.448092274183719199e-05
0.000000000000000000e+00
0.000000000000000000e+00
0.000000000000000000e+00
0.000000000000000000e+00
1.134532269490105584e-05
0.000000000000000000e+00
0.000000000000000000e+00
0.000000000000000000e+00
0.000000000000000000e+00
0.000000000000000000e+00
2.593078183538747209e-06
0.000000000000000000e+00
1.033073334681272187e-01
1.577089960238309057e-04
2.624020097930676758e-06
0.000000000000000000e+00
0.000000000000000000e+00
0.000000000000000000e+00
0.000000000000000000e+00
5.305448619464511739e-03
0.000000000000000000e+00
0.000000000000000000e+00
0.000000000000000000e+00
0.000000000000000000e+00
5.098189599208963684e-05
1.183005378988300263e-04
4.241240743151070944e-05
2.280076763601287799e-04
0.000000000000000000e+00
2.630229915568031025e-08
1.481862129580918284e-04
0.000000000000000000e+00
0.000000000000000000e+00
0.000000000000000000e+00
0.000000000000000000e+00
0.000000000000000000e+00
2.235754011661521528e-03
6.577840748771503134e-05
0.000000000000000000e+00
0.000000000000000000e+00
9.668478525656216786e-04
0.000000000000000000e+00
0.000000000000000000e+00
0.000000000000000000e+00
0.000000000000000000e+00
0.000000000000000000e+00
0.000000000000000000e+00
0.000000000000000000e+00
2.207623694069680664e-04
7.763185359771040787e-05
0.000000000000000000e+00
0.000000000000000000e+00
0.000000000000000000e+00
3.514387307308664736e-04
0.000000000000000000e+00
0.000000000000000000e+00
7.600756731699799128e-05
0.000000000000000000e+00
0.000000000000000000e+00
0.000000000000000000e+00
0.000000000000000000e+00
0.000000000000000000e+00
0.000000000000000000e+00
0.000000000000000000e+00
7.896671745823278426e-04
0.000000000000000000e+00
0.000000000000000000e+00
1.348040082396109001e-06
0.000000000000000000e+00
1.032728166439153397e-05
0.000000000000000000e+00
0.000000000000000000e+00
0.000000000000000000e+00
1.718603476998068510e-05
2.229068387832439589e-06
0.000000000000000000e+00
4.174698657209354336e-04
5.475418436175375294e-06
0.000000000000000000e+00
7.273631782584049972e-06
0.000000000000000000e+00
0.000000000000000000e+00
0.000000000000000000e+00
0.000000000000000000e+00
0.000000000000000000e+00
0.000000000000000000e+00
0.000000000000000000e+00
0.000000000000000000e+00
9.054884310587275594e-05
7.481674026171170055e-02
0.000000000000000000e+00
1.624419962207313169e-03
0.000000000000000000e+00
0.000000000000000000e+00
8.583350652766975951e-05
0.000000000000000000e+00
0.000000000000000000e+00
0.000000000000000000e+00
0.000000000000000000e+00
0.000000000000000000e+00
0.000000000000000000e+00
6.572901237047923308e-04
0.000000000000000000e+00
0.000000000000000000e+00
2.674120643004792956e-04
2.277452274179267780e-02
0.000000000000000000e+00
0.000000000000000000e+00
0.000000000000000000e+00
0.000000000000000000e+00
0.000000000000000000e+00
0.000000000000000000e+00
0.000000000000000000e+00
0.000000000000000000e+00
0.000000000000000000e+00
0.000000000000000000e+00
0.000000000000000000e+00
0.000000000000000000e+00
1.271214737801507229e-04
9.438948125555853024e-06
0.000000000000000000e+00
0.000000000000000000e+00
0.000000000000000000e+00
0.000000000000000000e+00
0.000000000000000000e+00
0.000000000000000000e+00
7.078419893647037032e-05
0.000000000000000000e+00
2.211546842578936565e-05
1.690513400106420354e-05
0.000000000000000000e+00
0.000000000000000000e+00
0.000000000000000000e+00
0.000000000000000000e+00
0.000000000000000000e+00
0.000000000000000000e+00
0.000000000000000000e+00
0.000000000000000000e+00
0.000000000000000000e+00
0.000000000000000000e+00
0.000000000000000000e+00
0.000000000000000000e+00
0.000000000000000000e+00
0.000000000000000000e+00
0.000000000000000000e+00
0.000000000000000000e+00
0.000000000000000000e+00
0.000000000000000000e+00
0.000000000000000000e+00
2.629145453479774940e-04
0.000000000000000000e+00
2.585257983752224415e-05
0.000000000000000000e+00
0.000000000000000000e+00
3.019786535940020483e-05
4.283051003542352602e-06
1.257666853230357084e-04
0.000000000000000000e+00
2.716653951959716322e-04
4.262179651878727837e-05
0.000000000000000000e+00
2.584729659995624470e-04
1.984699969362205881e-04
1.101840591581773946e-04
0.000000000000000000e+00
0.000000000000000000e+00
0.000000000000000000e+00
0.000000000000000000e+00
2.965993036861887491e-05
0.000000000000000000e+00
0.000000000000000000e+00
0.000000000000000000e+00
0.000000000000000000e+00
4.622225216577685333e-06
0.000000000000000000e+00
0.000000000000000000e+00
0.000000000000000000e+00
6.211293188326615479e-05
0.000000000000000000e+00
0.000000000000000000e+00
0.000000000000000000e+00
0.000000000000000000e+00
0.000000000000000000e+00
2.531934099293097013e-05
0.000000000000000000e+00
0.000000000000000000e+00
0.000000000000000000e+00
0.000000000000000000e+00
0.000000000000000000e+00
0.000000000000000000e+00
0.000000000000000000e+00
0.000000000000000000e+00
0.000000000000000000e+00
0.000000000000000000e+00
4.852265951765469959e-03
