5.348058548049068302e-04
0.000000000000000000e+00
0.000000000000000000e+00
0.000000000000000000e+00
0.000000000000000000e+00
0.000000000000000000e+00
0.000000000000000000e+00
0.000000000000000000e+00
0.000000000000000000e+00
3.429701133183428322e-04
0.000000000000000000e+00
4.389373741989786686e-03
1.435495784253716612e-03
9.295114146635755558e-04
0.000000000000000000e+00
0.000000000000000000e+00
0.000000000000000000e+00
0.000000000000000000e+00
3.789125585165207047e-04
1.117912729450907866e-03
0.000000000000000000e+00
0.000000000000000000e+00
0.000000000000000000e+00
0.000000000000000000e+00
9.410279655289206107e-05
0.000000000000000000e+00
0.000000000000000000e+00
0.000000000000000000e+00
0.000000000000000000e+00
0.000000000000000000e+00
1.602204594729264903e-05
0.000000000000000000e+00
5.645295715762950473e-02
9.989602229079311713e-04
7.707247117915647918e-04
0.000000000000000000e+00
0.000000000000000000e+00
0.000000000000000000e+00
0.000000000000000000e+00
7.228001306886180054e-03
0.000000000000000000e+00
0.000000000000000000e+00
0.000000000000000000e+00
0.000000000000000000e+00
2.600784407881832558e-04
1.567952924421019828e-03
5.639091845820251026e-01
2.236140986146726520e-03
0.000000000000000000e+00
1.091950093376863268e-03
1.318727196755410582e-03
0.000000000000000000e+00
0.000000000000000000e+00
0.000000000000000000e+00
0.000000000000000000e+00
0.000000000000000000e+00
5.668660339754748892e-05
9.205276817325418149e-04
0.000000000000000000e+00
0.000000000000000000e+00
1.569795710522543493e-03
0.000000000000000000e+00
0.000000000000000000e+00
0.000000000000000000e+00
0.000000000000000000e+00
0.000000000000000000e+00
0.000000000000000000e+00
0.000000000000000000e+00
2.663113148683422067e-05
8.833013223812161626e-06
0.000000000000000000e+00
0.000000000000000000e+00
0.000000000000000000e+00
2.437104110755348736e-03
0.000000000000000000e+00
0.000000000000000000e+00
1.171937216086375855e-03
0.000000000000000000e+00
0.000000000000000000e+00
0.000000000000000000e+00
0.000000000000000000e+00
0.000000000000000000e+00
0.000000000000000000e+00
0.000000000000000000e+00
3.769682044104941381e-03
0.000000000000000000e+00
0.000000000000000000e+00
4.818304268764302947e-04
0.000000000000000000e+00
7.026483019369292879e-04
0.000000000000000000e+00
0.000000000000000000e+00
0.000000000000000000e+00
1.590484281809279282e-04
2.082696237571922404e-04
0.000000000000000000e+00
3.131922758480224899e-04
5.284174995534416828e-04
0.000000000000000000e+00
1.743405989132902059e-04
0.000000000000000000e+00
0.000000000000000000e+00
0.000000000000000000e+00
0.000000000000000000e+00
0.000000000000000000e+00
0.000000000000000000e+00
0.000000000000000000e+00
0.000000000000000000e+00
1.003515287998289323e-04
9.320593728831160689e-05
0.000000000000000000e+00
4.853178996737813038e-04
0.000000000000000000e+00
0.000000000000000000e+00
4.418057206554790064e-04
0.000000000000000000e+00
0.000000000000000000e+00
0.000000000000000000e+00
0.000000000000000000e+00
0.000000000000000000e+00
0.000000000000000000e+00
3.591970510925847630e-04
0.000000000000000000e+00
0.000000000000000000e+00
1.957838782732213619e-03
3.858653739196412497e-02
0.000000000000000000e+00
0.000000000000000000e+00
0.000000000000000000e+00
0.000000000000000000e+00
0.000000000000000000e+00
0.000000000000000000e+00
0.000000000000000000e+00
0.000000000000000000e+00
0.000000000000000000e+00
0.000000000000000000e+00
0.000000000000000000e+00
0.000000000000000000e+00
1.149123087144877627e-03
4.942492781059900638e-05
0.000000000000000000e+00
0.000000000000000000e+00
0.000000000000000000e+00
0.000000000000000000e+00
0.000000000000000000e+00
0.000000000000000000e+00
1.123808297723792246e-03
0.000000000000000000e+00
2.610947690733953722e-05
2.145277917218517622e-04
0.000000000000000000e+00
0.000000000000000000e+00
0.000000000000000000e+00
0.000000000000000000e+00
0.000000000000000000e+00
0.000000000000000000e+00
0.000000000000000000e+00
0.000000000000000000e+00
0.000000000000000000e+00
0.000000000000000000e+00
0.000000000000000000e+00
0.000000000000000000e+00
0.000000000000000000e+00
0.000000000000000000e+00
0.000000000000000000e+00
0.000000000000000000e+00
0.000000000000000000e+00
0.000000000000000000e+00
0.000000000000000000e+00
1.113264359377409436e-03
0.000000000000000000e+00
1.180702333658358158e-03
0.000000000000000000e+00
0.000000000000000000e+00
8.761343614300437553e-04
7.960696324037914545e-07
2.272295509400810114e-07
0.000000000000000000e+00
4.228342022819751709e-06
4.323355578331231183e-04
0.000000000000000000e+00
2.464927395477154934e-03
2.855167183170693817e-04
1.861593339690436515e-03
0.000000000000000000e+00
0.000000000000000000e+00
0.000000000000000000e+00
0.000000000000000000e+00
9.069217869559722698e-04
0.000000000000000000e+00
0.000000000000000000e+00
0.000000000000000000e+00
0.000000000000000000e+00
1.293673734260609304e-05
0.000000000000000000e+00
0.000000000000000000e+00
0.000000000000000000e+00
7.826347076360491652e-05
0.000000000000000000e+00
0.000000000000000000e+00
0.000000000000000000e+00
0.000000000000000000e+00
0.000000000000000000e+00
1.252153800881092120e-03
0.000000000000000000e+00
0.000000000000000000e+00
0.000000000000000000e+00
0.000000000000000000e+00
0.000000000000000000e+00
0.000000000000000000e+00
0.000000000000000000e+00
0.000000000000000000e+00
0.000000000000000000e+00
0.000000000000000000e+00
9.162272324462572646e-04
