3.499620810198199707e-04
0.000000000000000000e+00
0.000000000000000000e+00
0.000000000000000000e+00
0.000000000000000000e+00
0.000000000000000000e+00
0.000000000000000000e+00
0.000000000000000000e+00
0.000000000000000000e+00
2.404588564203421488e-04
0.000000000000000000e+00
7.184690300839708700e-03
1.492219169150647839e-03
1.244537052663572058e-03
0.000000000000000000e+00
0.000000000000000000e+00
0.000000000000000000e+00
0.000000000000000000e+00
2.655162778746797490e-03
5.217416466012705749e-03
0.000000000000000000e+00
0.000000000000000000e+00
0.000000000000000000e+00
0.000000000000000000e+00
8.747904284674720785e-04
0.000000000000000000e+00
0.000000000000000000e+00
0.000000000000000000e+00
0.000000000000000000e+00
0.000000000000000000e+00
2.806429346342413991e-03
0.000000000000000000e+00
5.645632115568805648e-02
3.354646864240785030e-03
7.367581414223812152e-03
0.000000000000000000e+00
0.000000000000000000e+00
0.000000000000000000e+00
0.000000000000000000e+00
3.295004318142803063e-02
0.000000000000000000e+00
0.000000000000000000e+00
0.000000000000000000e+00
0.000000000000000000e+00
6.101959691291893202e-03
1.492624877895885882e-03
5.849204301500720866e-04
4.064889087639246903e-03
0.000000000000000000e+00
2.631116307029712168e-03
1.071184325210817459e-03
0.000000000000000000e+00
0.000000000000000000e+00
0.000000000000000000e+00
0.000000000000000000e+00
0.000000000000000000e+00
3.607347208913395486e-04
6.339567461149671996e-04
0.000000000000000000e+00
0.000000000000000000e+00
3.566719263370943423e-03
0.000000000000000000e+00
0.000000000000000000e+00
0.000000000000000000e+00
0.000000000000000000e+00
0.000000000000000000e+00
0.000000000000000000e+00
0.000000000000000000e+00
2.210696645624155975e-03
7.636363026306897594e-05
0.000000000000000000e+00
0.000000000000000000e+00
0.000000000000000000e+00
2.012045217646639492e-03
0.000000000000000000e+00
0.000000000000000000e+00
1.151710263023853148e-03
0.000000000000000000e+00
0.000000000000000000e+00
0.000000000000000000e+00
0.000000000000000000e+00
0.000000000000000000e+00
0.000000000000000000e+00
0.000000000000000000e+00
3.150050839468558628e-03
0.000000000000000000e+00
0.000000000000000000e+00
1.901136509758139014e-03
0.000000000000000000e+00
7.618429596715067462e-03
0.000000000000000000e+00
0.000000000000000000e+00
0.000000000000000000e+00
2.678265712665768399e-03
6.601927256113474668e-04
0.000000000000000000e+00
1.042338839526768274e-03
4.004615126384373017e-03
0.000000000000000000e+00
8.820610043672907192e-05
0.000000000000000000e+00
0.000000000000000000e+00
0.000000000000000000e+00
0.000000000000000000e+00
0.000000000000000000e+00
0.000000000000000000e+00
0.000000000000000000e+00
0.000000000000000000e+00
4.411589709613195076e-03
5.744371355769608938e-03
0.000000000000000000e+00
1.228502801122620955e-03
0.000000000000000000e+00
0.000000000000000000e+00
5.792778035264313334e-03
0.000000000000000000e+00
0.000000000000000000e+00
0.000000000000000000e+00
0.000000000000000000e+00
0.000000000000000000e+00
0.000000000000000000e+00
4.647459469001830154e-04
0.000000000000000000e+00
0.000000000000000000e+00
3.332173100883152866e-03
3.768459187319299353e-02
0.000000000000000000e+00
0.000000000000000000e+00
0.000000000000000000e+00
0.000000000000000000e+00
0.000000000000000000e+00
0.000000000000000000e+00
0.000000000000000000e+00
0.000000000000000000e+00
0.000000000000000000e+00
0.000000000000000000e+00
0.000000000000000000e+00
0.000000000000000000e+00
5.807970249453171634e-03
3.122357932173876286e-05
0.000000000000000000e+00
0.000000000000000000e+00
0.000000000000000000e+00
0.000000000000000000e+00
0.000000000000000000e+00
0.000000000000000000e+00
4.285833461696484173e-03
0.000000000000000000e+00
8.515716732465208384e-05
1.119386227630564780e-03
0.000000000000000000e+00
0.000000000000000000e+00
0.000000000000000000e+00
0.000000000000000000e+00
0.000000000000000000e+00
0.000000000000000000e+00
0.000000000000000000e+00
0.000000000000000000e+00
0.000000000000000000e+00
0.000000000000000000e+00
0.000000000000000000e+00
0.000000000000000000e+00
0.000000000000000000e+00
0.000000000000000000e+00
0.000000000000000000e+00
0.000000000000000000e+00
0.000000000000000000e+00
0.000000000000000000e+00
0.000000000000000000e+00
6.004440607935771813e-03
0.000000000000000000e+00
1.014889903111990946e-03
0.000000000000000000e+00
0.000000000000000000e+00
2.293481440323646026e-03
7.911695667793816882e-05
2.725901582603424572e-04
0.000000000000000000e+00
3.405025869962134775e-04
1.991460801916362705e-04
0.000000000000000000e+00
1.399555503952656325e-03
7.162089166595923860e-04
6.311906192420372978e-03
0.000000000000000000e+00
0.000000000000000000e+00
0.000000000000000000e+00
0.000000000000000000e+00
3.376664520729949753e-03
0.000000000000000000e+00
0.000000000000000000e+00
0.000000000000000000e+00
0.000000000000000000e+00
3.762884832118135116e-04
0.000000000000000000e+00
0.000000000000000000e+00
0.000000000000000000e+00
6.453460620316487089e-05
0.000000000000000000e+00
0.000000000000000000e+00
0.000000000000000000e+00
0.000000000000000000e+00
0.000000000000000000e+00
5.735366601643122897e-03
0.000000000000000000e+00
0.000000000000000000e+00
0.000000000000000000e+00
0.000000000000000000e+00
0.000000000000000000e+00
0.000000000000000000e+00
0.000000000000000000e+00
0.000000000000000000e+00
0.000000000000000000e+00
0.000000000000000000e+00
3.446333960113531422e-03
