7.913605862707529047e-05
0.000000000000000000e+00
0.000000000000000000e+00
0.000000000000000000e+00
0.000000000000000000e+00
0.000000000000000000e+00
0.000000000000000000e+00
0.000000000000000000e+00
0.000000000000000000e+00
2.103725121728068355e-04
0.000000000000000000e+00
3.105677143779450849e-03
7.572530845073227926e-05
8.956928191684349234e-04
0.000000000000000000e+00
0.000000000000000000e+00
0.000000000000000000e+00
0.000000000000000000e+00
2.488268887981245178e-06
3.817397638805667098e-05
0.000000000000000000e+00
0.000000000000000000e+00
0.000000000000000000e+00
0.000000000000000000e+00
1.127479242999211401e-05
0.000000000000000000e+00
0.000000000000000000e+00
0.000000000000000000e+00
0.000000000000000000e+00
0.000000000000000000e+00
5.457590324822844339e-06
0.000000000000000000e+00
1.027708058943563874e-01
9.338417634703728655e-05
4.423220219541286272e-06
0.000000000000000000e+00
0.000000000000000000e+00
0.000000000000000000e+00
0.000000000000000000e+00
5.305384817909464777e-03
0.000000000000000000e+00
0.000000000000000000e+00
0.000000000000000000e+00
0.000000000000000000e+00
1.521236331571258197e-06
3.645479713779298660e-04
7.442266871077433553e-05
3.094959671082805745e-04
0.000000000000000000e+00
2.405380394646178258e-06
9.680298787445603781e-05
0.000000000000000000e+00
0.000000000000000000e+00
0.000000000000000000e+00
0.000000000000000000e+00
0.000000000000000000e+00
9.254885709469915075e-05
8.886934416936463632e-04
0.000000000000000000e+00
0.000000000000000000e+00
2.978725664181786060e-04
0.000000000000000000e+00
0.000000000000000000e+00
0.000000000000000000e+00
0.000000000000000000e+00
0.000000000000000000e+00
0.000000000000000000e+00
0.000000000000000000e+00
1.258137719497147861e-05
3.359388181695577465e-05
0.000000000000000000e+00
0.000000000000000000e+00
0.000000000000000000e+00
2.067841477948441570e-04
0.000000000000000000e+00
0.000000000000000000e+00
1.279919131133942648e-04
0.000000000000000000e+00
0.000000000000000000e+00
0.000000000000000000e+00
0.000000000000000000e+00
0.000000000000000000e+00
0.000000000000000000e+00
0.000000000000000000e+00
5.780674157586042274e-04
0.000000000000000000e+00
0.000000000000000000e+00
4.577608553118794356e-05
0.000000000000000000e+00
2.637316772929499480e-05
0.000000000000000000e+00
0.000000000000000000e+00
0.000000000000000000e+00
1.922517516569665472e-05
2.226904443591974743e-06
0.000000000000000000e+00
2.864878974905931655e-04
8.958277479630277637e-06
0.000000000000000000e+00
3.400863486312364790e-04
0.000000000000000000e+00
0.000000000000000000e+00
0.000000000000000000e+00
0.000000000000000000e+00
0.000000000000000000e+00
0.000000000000000000e+00
0.000000000000000000e+00
0.000000000000000000e+00
5.802019471925294581e-05
3.944698261669047658e-05
0.000000000000000000e+00
7.255851298768300475e-04
0.000000000000000000e+00
0.000000000000000000e+00
7.585721526760597566e-05
0.000000000000000000e+00
0.000000000000000000e+00
0.000000000000000000e+00
0.000000000000000000e+00
0.000000000000000000e+00
0.000000000000000000e+00
6.747142034229320143e-04
0.000000000000000000e+00
0.000000000000000000e+00
2.860914989514512096e-04
2.141100477212105543e-02
0.000000000000000000e+00
0.000000000000000000e+00
0.000000000000000000e+00
0.000000000000000000e+00
0.000000000000000000e+00
0.000000000000000000e+00
0.000000000000000000e+00
0.000000000000000000e+00
0.000000000000000000e+00
0.000000000000000000e+00
0.000000000000000000e+00
0.000000000000000000e+00
1.704898022030584977e-04
4.542088312844036199e-06
0.000000000000000000e+00
0.000000000000000000e+00
0.000000000000000000e+00
0.000000000000000000e+00
0.000000000000000000e+00
0.000000000000000000e+00
6.619967468723910906e-05
0.000000000000000000e+00
2.163650946722902500e-05
1.222573431308398141e-04
0.000000000000000000e+00
0.000000000000000000e+00
0.000000000000000000e+00
0.000000000000000000e+00
0.000000000000000000e+00
0.000000000000000000e+00
0.000000000000000000e+00
0.000000000000000000e+00
0.000000000000000000e+00
0.000000000000000000e+00
0.000000000000000000e+00
0.000000000000000000e+00
0.000000000000000000e+00
0.000000000000000000e+00
0.000000000000000000e+00
0.000000000000000000e+00
0.000000000000000000e+00
0.000000000000000000e+00
0.000000000000000000e+00
3.103037241666166467e-04
0.000000000000000000e+00
4.348201959072819071e-05
0.000000000000000000e+00
0.000000000000000000e+00
3.806041300238482592e-05
4.321952433172301652e-07
4.704384380011823454e-05
0.000000000000000000e+00
1.570883052048869415e-04
2.779011459705671167e-04
0.000000000000000000e+00
1.783672395846908130e-04
4.349789655203014412e-04
1.424235278754473213e-04
0.000000000000000000e+00
0.000000000000000000e+00
0.000000000000000000e+00
0.000000000000000000e+00
5.368719582832881608e-05
0.000000000000000000e+00
0.000000000000000000e+00
0.000000000000000000e+00
0.000000000000000000e+00
5.012855499768553670e-05
0.000000000000000000e+00
0.000000000000000000e+00
0.000000000000000000e+00
1.636610553806986475e-04
0.000000000000000000e+00
0.000000000000000000e+00
0.000000000000000000e+00
0.000000000000000000e+00
0.000000000000000000e+00
1.521227178563576817e-05
0.000000000000000000e+00
0.000000000000000000e+00
0.000000000000000000e+00
0.000000000000000000e+00
0.000000000000000000e+00
0.000000000000000000e+00
0.000000000000000000e+00
0.000000000000000000e+00
0.000000000000000000e+00
0.000000000000000000e+00
9.002113704116502906e-04
