6.874767842947660293e-05
0.000000000000000000e+00
0.000000000000000000e+00
0.000000000000000000e+00
0.000000000000000000e+00
0.000000000000000000e+00
0.000000000000000000e+00
0.000000000000000000e+00
0.000000000000000000e+00
6.563755730260103529e-05
0.000000000000000000e+00
7.184684945528406648e-03
5.819114277913414734e-04
1.311491858680459768e-03
0.000000000000000000e+00
0.000000000000000000e+00
0.000000000000000000e+00
0.000000000000000000e+00
4.488205821497877150e-05
1.592808199410803978e-04
0.000000000000000000e+00
0.000000000000000000e+00
0.000000000000000000e+00
0.000000000000000000e+00
1.103930153612174911e-05
0.000000000000000000e+00
0.000000000000000000e+00
0.000000000000000000e+00
0.000000000000000000e+00
0.000000000000000000e+00
3.213573395696504810e-04
0.000000000000000000e+00
5.044149772589911346e-02
3.128689260914969462e-04
1.171475247072152940e-04
0.000000000000000000e+00
0.000000000000000000e+00
0.000000000000000000e+00
0.000000000000000000e+00
4.000545598123405287e-03
0.000000000000000000e+00
0.000000000000000000e+00
0.000000000000000000e+00
0.000000000000000000e+00
4.626504862763072227e-05
6.430826960408655762e-04
1.199518724309663682e-04
2.452773487516512183e-04
0.000000000000000000e+00
3.873390695684422063e-04
5.233720260204719399e-04
0.000000000000000000e+00
0.000000000000000000e+00
0.000000000000000000e+00
0.000000000000000000e+00
0.000000000000000000e+00
3.611242392103145276e-04
6.339571549325370573e-04
0.000000000000000000e+00
0.000000000000000000e+00
1.058916014227582813e-04
0.000000000000000000e+00
0.000000000000000000e+00
0.000000000000000000e+00
0.000000000000000000e+00
0.000000000000000000e+00
0.000000000000000000e+00
0.000000000000000000e+00
1.152476968618145533e-04
4.195157726550416161e-05
0.000000000000000000e+00
0.000000000000000000e+00
0.000000000000000000e+00
1.289035257715687990e-03
0.000000000000000000e+00
0.000000000000000000e+00
2.101735521087166772e-04
0.000000000000000000e+00
0.000000000000000000e+00
0.000000000000000000e+00
0.000000000000000000e+00
0.000000000000000000e+00
0.000000000000000000e+00
0.000000000000000000e+00
2.384440733015383892e-03
0.000000000000000000e+00
0.000000000000000000e+00
5.371667397031992054e-05
0.000000000000000000e+00
1.751987697059214212e-04
0.000000000000000000e+00
0.000000000000000000e+00
0.000000000000000000e+00
3.731629879115696285e-06
2.366997295480662015e-07
0.000000000000000000e+00
2.262156547395584023e-05
4.736690735940264700e-05
0.000000000000000000e+00
8.820639258072950995e-05
0.000000000000000000e+00
0.000000000000000000e+00
0.000000000000000000e+00
0.000000000000000000e+00
0.000000000000000000e+00
0.000000000000000000e+00
0.000000000000000000e+00
0.000000000000000000e+00
6.131410406019879075e-04
2.827706308459060954e-03
0.000000000000000000e+00
1.028768521460670434e-03
0.000000000000000000e+00
0.000000000000000000e+00
2.400202940574410989e-04
0.000000000000000000e+00
0.000000000000000000e+00
0.000000000000000000e+00
0.000000000000000000e+00
0.000000000000000000e+00
0.000000000000000000e+00
8.236474074868524713e-04
0.000000000000000000e+00
0.000000000000000000e+00
2.756204690532365121e-05
1.645311384476069380e-02
0.000000000000000000e+00
0.000000000000000000e+00
0.000000000000000000e+00
0.000000000000000000e+00
0.000000000000000000e+00
0.000000000000000000e+00
0.000000000000000000e+00
0.000000000000000000e+00
0.000000000000000000e+00
0.000000000000000000e+00
0.000000000000000000e+00
0.000000000000000000e+00
2.759878210221497876e-04
5.638384294050352377e-07
0.000000000000000000e+00
0.000000000000000000e+00
0.000000000000000000e+00
0.000000000000000000e+00
0.000000000000000000e+00
0.000000000000000000e+00
4.983145570568467224e-05
0.000000000000000000e+00
5.392928807545380269e-05
2.338442559682862542e-06
0.000000000000000000e+00
0.000000000000000000e+00
0.000000000000000000e+00
0.000000000000000000e+00
0.000000000000000000e+00
0.000000000000000000e+00
0.000000000000000000e+00
0.000000000000000000e+00
0.000000000000000000e+00
0.000000000000000000e+00
0.000000000000000000e+00
0.000000000000000000e+00
0.000000000000000000e+00
0.000000000000000000e+00
0.000000000000000000e+00
0.000000000000000000e+00
0.000000000000000000e+00
0.000000000000000000e+00
0.000000000000000000e+00
3.344922013817219352e-04
0.000000000000000000e+00
4.151242427969377793e-04
0.000000000000000000e+00
0.000000000000000000e+00
3.291600517051307905e-04
6.508525843164699061e-05
6.478469605648223622e-05
0.000000000000000000e+00
1.651171911042863109e-04
6.780386824975659788e-05
0.000000000000000000e+00
1.399555220765630846e-03
6.075220276245635407e-04
8.541170840538030292e-04
0.000000000000000000e+00
0.000000000000000000e+00
0.000000000000000000e+00
0.000000000000000000e+00
3.013783684668673558e-04
0.000000000000000000e+00
0.000000000000000000e+00
0.000000000000000000e+00
0.000000000000000000e+00
3.762887857774336936e-04
0.000000000000000000e+00
0.000000000000000000e+00
0.000000000000000000e+00
4.431831568323306528e-05
0.000000000000000000e+00
0.000000000000000000e+00
0.000000000000000000e+00
0.000000000000000000e+00
0.000000000000000000e+00
4.810136081443007841e-04
0.000000000000000000e+00
0.000000000000000000e+00
0.000000000000000000e+00
0.000000000000000000e+00
0.000000000000000000e+00
0.000000000000000000e+00
0.000000000000000000e+00
0.000000000000000000e+00
0.000000000000000000e+00
0.000000000000000000e+00
3.446334864483952421e-03
