6.874762519478617051e-05
0.000000000000000000e+00
0.000000000000000000e+00
0.000000000000000000e+00
0.000000000000000000e+00
0.000000000000000000e+00
0.000000000000000000e+00
0.000000000000000000e+00
0.000000000000000000e+00
2.034822608172095733e-04
0.000000000000000000e+00
7.184676653724281388e-03
5.819111799145631255e-04
1.311491540970364340e-03
0.000000000000000000e+00
0.000000000000000000e+00
0.000000000000000000e+00
0.000000000000000000e+00
4.488205199049537941e-05
3.431940950995860913e-04
0.000000000000000000e+00
0.000000000000000000e+00
0.000000000000000000e+00
0.000000000000000000e+00
1.103924847009117883e-05
0.000000000000000000e+00
0.000000000000000000e+00
0.000000000000000000e+00
0.000000000000000000e+00
0.000000000000000000e+00
3.213572658437005482e-04
0.000000000000000000e+00
5.044150523093354765e-02
3.128688311649196053e-04
1.171462290779238320e-04
0.000000000000000000e+00
0.000000000000000000e+00
0.000000000000000000e+00
0.000000000000000000e+00
4.000543793366327129e-03
0.000000000000000000e+00
0.000000000000000000e+00
0.000000000000000000e+00
0.000000000000000000e+00
4.626505135963424948e-05
6.430834086292731280e-04
1.199518632367728389e-04
2.452774292972829603e-04
0.000000000000000000e+00
3.873389970143537638e-04
5.233721186583914107e-04
0.000000000000000000e+00
0.000000000000000000e+00
0.000000000000000000e+00
0.000000000000000000e+00
0.000000000000000000e+00
3.607355182894767605e-04
6.339587265673918672e-04
0.000000000000000000e+00
0.000000000000000000e+00
1.058915363092428040e-04
0.000000000000000000e+00
0.000000000000000000e+00
0.000000000000000000e+00
0.000000000000000000e+00
0.000000000000000000e+00
0.000000000000000000e+00
0.000000000000000000e+00
2.117822475232020163e-02
1.579800740765439866e-05
0.000000000000000000e+00
0.000000000000000000e+00
0.000000000000000000e+00
1.289035325247639375e-03
0.000000000000000000e+00
0.000000000000000000e+00
2.101736068639896383e-04
0.000000000000000000e+00
0.000000000000000000e+00
0.000000000000000000e+00
0.000000000000000000e+00
0.000000000000000000e+00
0.000000000000000000e+00
0.000000000000000000e+00
2.384440566631151979e-03
0.000000000000000000e+00
0.000000000000000000e+00
5.371665186976449889e-05
0.000000000000000000e+00
1.751987720758206742e-04
0.000000000000000000e+00
0.000000000000000000e+00
0.000000000000000000e+00
3.731640756943140712e-06
2.367016920162751743e-07
0.000000000000000000e+00
2.262151808561078150e-05
4.736694162389892338e-05
0.000000000000000000e+00
8.820629002800758022e-05
0.000000000000000000e+00
0.000000000000000000e+00
0.000000000000000000e+00
0.000000000000000000e+00
0.000000000000000000e+00
0.000000000000000000e+00
0.000000000000000000e+00
0.000000000000000000e+00
6.131410470983241455e-04
2.827706129422513214e-03
0.000000000000000000e+00
1.028767077653185841e-03
0.000000000000000000e+00
0.000000000000000000e+00
2.400203227532497947e-04
0.000000000000000000e+00
0.000000000000000000e+00
0.000000000000000000e+00
0.000000000000000000e+00
0.000000000000000000e+00
0.000000000000000000e+00
8.236472053119149811e-04
0.000000000000000000e+00
0.000000000000000000e+00
2.756180789195278845e-05
1.645311202701101386e-02
0.000000000000000000e+00
0.000000000000000000e+00
0.000000000000000000e+00
0.000000000000000000e+00
0.000000000000000000e+00
0.000000000000000000e+00
0.000000000000000000e+00
0.000000000000000000e+00
0.000000000000000000e+00
0.000000000000000000e+00
0.000000000000000000e+00
0.000000000000000000e+00
2.759878077008729260e-04
5.638389280720199036e-07
0.000000000000000000e+00
0.000000000000000000e+00
0.000000000000000000e+00
0.000000000000000000e+00
0.000000000000000000e+00
0.000000000000000000e+00
4.983150749730824047e-05
0.000000000000000000e+00
5.392930262257102309e-05
2.338263697816037939e-06
0.000000000000000000e+00
0.000000000000000000e+00
0.000000000000000000e+00
0.000000000000000000e+00
0.000000000000000000e+00
0.000000000000000000e+00
0.000000000000000000e+00
0.000000000000000000e+00
0.000000000000000000e+00
0.000000000000000000e+00
0.000000000000000000e+00
0.000000000000000000e+00
0.000000000000000000e+00
0.000000000000000000e+00
0.000000000000000000e+00
0.000000000000000000e+00
0.000000000000000000e+00
0.000000000000000000e+00
0.000000000000000000e+00
3.344922323757542541e-04
0.000000000000000000e+00
4.152082730690912372e-04
0.000000000000000000e+00
0.000000000000000000e+00
3.291586727595093107e-04
7.911694301052595545e-05
6.478479730938779162e-05
0.000000000000000000e+00
1.651171496141727742e-04
1.991447885905469511e-04
0.000000000000000000e+00
1.399555332398408087e-03
6.075222123185258132e-04
8.541170629146994323e-04
0.000000000000000000e+00
0.000000000000000000e+00
0.000000000000000000e+00
0.000000000000000000e+00
3.013782818216783396e-04
0.000000000000000000e+00
0.000000000000000000e+00
0.000000000000000000e+00
0.000000000000000000e+00
3.762887734188653690e-04
0.000000000000000000e+00
0.000000000000000000e+00
0.000000000000000000e+00
4.431835785541587795e-05
0.000000000000000000e+00
0.000000000000000000e+00
0.000000000000000000e+00
0.000000000000000000e+00
0.000000000000000000e+00
1.717617251651531313e-02
0.000000000000000000e+00
0.000000000000000000e+00
0.000000000000000000e+00
0.000000000000000000e+00
0.000000000000000000e+00
0.000000000000000000e+00
0.000000000000000000e+00
0.000000000000000000e+00
0.000000000000000000e+00
0.000000000000000000e+00
3.446329948170496690e-03
