3.499623673922697045e-04
0.000000000000000000e+00
0.000000000000000000e+00
0.000000000000000000e+00
0.000000000000000000e+00
0.000000000000000000e+00
0.000000000000000000e+00
0.000000000000000000e+00
0.000000000000000000e+00
2.404589656254377717e-04
0.000000000000000000e+00
7.184678241850977511e-03
1.492218896494891360e-03
1.244534526675841659e-03
0.000000000000000000e+00
0.000000000000000000e+00
0.000000000000000000e+00
0.000000000000000000e+00
2.655160044754537041e-03
5.217408264510674416e-03
0.000000000000000000e+00
0.000000000000000000e+00
0.000000000000000000e+00
0.000000000000000000e+00
8.747935651332337326e-04
0.000000000000000000e+00
0.000000000000000000e+00
0.000000000000000000e+00
0.000000000000000000e+00
0.000000000000000000e+00
2.806429047953731305e-03
0.000000000000000000e+00
5.645636540724882635e-02
3.354644608043454504e-03
3.941145944776927035e-01
0.000000000000000000e+00
0.000000000000000000e+00
0.000000000000000000e+00
0.000000000000000000e+00
3.295004483417658669e-02
0.000000000000000000e+00
0.000000000000000000e+00
0.000000000000000000e+00
0.000000000000000000e+00
6.101957032494543381e-03
1.492628501928104732e-03
5.849200857715493177e-04
4.064887560309590926e-03
0.000000000000000000e+00
2.228371713384458275e-01
1.071183596487383215e-03
0.000000000000000000e+00
0.000000000000000000e+00
0.000000000000000000e+00
0.000000000000000000e+00
0.000000000000000000e+00
3.607346854910534390e-04
6.339565642982588093e-04
0.000000000000000000e+00
0.000000000000000000e+00
3.566722834581260472e-03
0.000000000000000000e+00
0.000000000000000000e+00
0.000000000000000000e+00
0.000000000000000000e+00
0.000000000000000000e+00
0.000000000000000000e+00
0.000000000000000000e+00
2.210697305030932553e-03
7.636760419436856373e-05
0.000000000000000000e+00
0.000000000000000000e+00
0.000000000000000000e+00
2.012045223021833706e-03
0.000000000000000000e+00
0.000000000000000000e+00
1.151710356543046623e-03
0.000000000000000000e+00
0.000000000000000000e+00
0.000000000000000000e+00
0.000000000000000000e+00
0.000000000000000000e+00
0.000000000000000000e+00
0.000000000000000000e+00
3.150051821284381715e-03
0.000000000000000000e+00
0.000000000000000000e+00
1.901137094444369435e-03
0.000000000000000000e+00
7.618488859415044855e-03
0.000000000000000000e+00
0.000000000000000000e+00
0.000000000000000000e+00
2.678238240804163822e-03
6.601950778158679296e-04
0.000000000000000000e+00
1.042339115983366990e-03
4.004624267427868076e-03
0.000000000000000000e+00
8.820612172216150005e-05
0.000000000000000000e+00
0.000000000000000000e+00
0.000000000000000000e+00
0.000000000000000000e+00
0.000000000000000000e+00
0.000000000000000000e+00
0.000000000000000000e+00
0.000000000000000000e+00
4.411589798819397397e-03
5.744369171590898646e-03
0.000000000000000000e+00
1.228502500888221764e-03
0.000000000000000000e+00
0.000000000000000000e+00
5.792778084186233668e-03
0.000000000000000000e+00
0.000000000000000000e+00
0.000000000000000000e+00
0.000000000000000000e+00
0.000000000000000000e+00
0.000000000000000000e+00
4.647455238858963305e-04
0.000000000000000000e+00
0.000000000000000000e+00
3.332173381162504677e-03
3.768459147792941472e-02
0.000000000000000000e+00
0.000000000000000000e+00
0.000000000000000000e+00
0.000000000000000000e+00
0.000000000000000000e+00
0.000000000000000000e+00
0.000000000000000000e+00
0.000000000000000000e+00
0.000000000000000000e+00
0.000000000000000000e+00
0.000000000000000000e+00
0.000000000000000000e+00
5.807974574704159731e-03
3.122357982898038434e-05
0.000000000000000000e+00
0.000000000000000000e+00
0.000000000000000000e+00
0.000000000000000000e+00
0.000000000000000000e+00
0.000000000000000000e+00
4.285838661647444446e-03
0.000000000000000000e+00
4.941024285156323681e-05
1.119392034022906757e-03
0.000000000000000000e+00
0.000000000000000000e+00
0.000000000000000000e+00
0.000000000000000000e+00
0.000000000000000000e+00
0.000000000000000000e+00
0.000000000000000000e+00
0.000000000000000000e+00
0.000000000000000000e+00
0.000000000000000000e+00
0.000000000000000000e+00
0.000000000000000000e+00
0.000000000000000000e+00
0.000000000000000000e+00
0.000000000000000000e+00
0.000000000000000000e+00
0.000000000000000000e+00
0.000000000000000000e+00
0.000000000000000000e+00
6.004495160764710890e-03
0.000000000000000000e+00
1.014889037998772904e-03
0.000000000000000000e+00
0.000000000000000000e+00
2.293478691735088316e-03
7.911693008307139777e-05
1.400116149207282891e-03
0.000000000000000000e+00
3.405029338868697055e-04
1.991460274459714468e-04
0.000000000000000000e+00
1.399558178163948403e-03
7.162089839982100324e-04
6.311904412331437349e-03
0.000000000000000000e+00
0.000000000000000000e+00
0.000000000000000000e+00
0.000000000000000000e+00
3.376666189453901307e-03
0.000000000000000000e+00
0.000000000000000000e+00
0.000000000000000000e+00
0.000000000000000000e+00
3.762880965613966413e-04
0.000000000000000000e+00
0.000000000000000000e+00
0.000000000000000000e+00
6.453456813267654006e-05
0.000000000000000000e+00
0.000000000000000000e+00
0.000000000000000000e+00
0.000000000000000000e+00
0.000000000000000000e+00
5.735380443439293957e-03
0.000000000000000000e+00
0.000000000000000000e+00
0.000000000000000000e+00
0.000000000000000000e+00
0.000000000000000000e+00
0.000000000000000000e+00
0.000000000000000000e+00
0.000000000000000000e+00
0.000000000000000000e+00
0.000000000000000000e+00
3.446336666381064843e-03
