3.499622902166376628e-04
0.000000000000000000e+00
0.000000000000000000e+00
0.000000000000000000e+00
0.000000000000000000e+00
0.000000000000000000e+00
0.000000000000000000e+00
0.000000000000000000e+00
0.000000000000000000e+00
2.404589583223397853e-04
0.000000000000000000e+00
7.184681849356379553e-03
1.492219316340684474e-03
1.244536128614214410e-03
0.000000000000000000e+00
0.000000000000000000e+00
0.000000000000000000e+00
0.000000000000000000e+00
2.655153693493669548e-03
5.217402841869660246e-03
0.000000000000000000e+00
0.000000000000000000e+00
0.000000000000000000e+00
0.000000000000000000e+00
8.747695296086766426e-04
0.000000000000000000e+00
0.000000000000000000e+00
0.000000000000000000e+00
0.000000000000000000e+00
0.000000000000000000e+00
2.806429490292887494e-03
0.000000000000000000e+00
5.645627775198851228e-02
3.354643213546427104e-03
7.367595551843948362e-03
0.000000000000000000e+00
0.000000000000000000e+00
0.000000000000000000e+00
0.000000000000000000e+00
3.295004396612912639e-02
0.000000000000000000e+00
0.000000000000000000e+00
0.000000000000000000e+00
0.000000000000000000e+00
6.101947054922217742e-03
1.492628138858695776e-03
5.849201474189227217e-04
4.064887270517045063e-03
0.000000000000000000e+00
2.631104731575106045e-03
1.071184171015787667e-03
0.000000000000000000e+00
0.000000000000000000e+00
0.000000000000000000e+00
0.000000000000000000e+00
0.000000000000000000e+00
3.607346354301009311e-04
6.339568977570978012e-04
0.000000000000000000e+00
0.000000000000000000e+00
3.566720250386761458e-03
0.000000000000000000e+00
0.000000000000000000e+00
0.000000000000000000e+00
0.000000000000000000e+00
0.000000000000000000e+00
0.000000000000000000e+00
0.000000000000000000e+00
2.210697425651681185e-03
7.636013153236074851e-05
0.000000000000000000e+00
0.000000000000000000e+00
0.000000000000000000e+00
2.012044779370474133e-03
0.000000000000000000e+00
0.000000000000000000e+00
1.151710227357994861e-03
0.000000000000000000e+00
0.000000000000000000e+00
0.000000000000000000e+00
0.000000000000000000e+00
0.000000000000000000e+00
0.000000000000000000e+00
0.000000000000000000e+00
3.150050877537784785e-03
0.000000000000000000e+00
0.000000000000000000e+00
1.901136960417270120e-03
0.000000000000000000e+00
7.618290599518400853e-03
0.000000000000000000e+00
0.000000000000000000e+00
0.000000000000000000e+00
2.678265810054144842e-03
6.601948048782467493e-04
0.000000000000000000e+00
1.042338878401219459e-03
4.004621799304741193e-03
0.000000000000000000e+00
8.820631622799667145e-05
0.000000000000000000e+00
0.000000000000000000e+00
0.000000000000000000e+00
0.000000000000000000e+00
0.000000000000000000e+00
0.000000000000000000e+00
0.000000000000000000e+00
0.000000000000000000e+00
4.411588884138071057e-03
5.744368328696138580e-03
0.000000000000000000e+00
1.228502478074074058e-03
0.000000000000000000e+00
0.000000000000000000e+00
5.792777560894763617e-03
0.000000000000000000e+00
0.000000000000000000e+00
0.000000000000000000e+00
0.000000000000000000e+00
0.000000000000000000e+00
0.000000000000000000e+00
4.647457462319504965e-04
0.000000000000000000e+00
0.000000000000000000e+00
3.332173199905804923e-03
3.768459201858001539e-02
0.000000000000000000e+00
0.000000000000000000e+00
0.000000000000000000e+00
0.000000000000000000e+00
0.000000000000000000e+00
0.000000000000000000e+00
0.000000000000000000e+00
0.000000000000000000e+00
0.000000000000000000e+00
0.000000000000000000e+00
0.000000000000000000e+00
0.000000000000000000e+00
5.807976586290741067e-03
3.122357349672220055e-05
0.000000000000000000e+00
0.000000000000000000e+00
0.000000000000000000e+00
0.000000000000000000e+00
0.000000000000000000e+00
0.000000000000000000e+00
4.285835250871813766e-03
0.000000000000000000e+00
8.515727895237846048e-05
1.119377768386484824e-03
0.000000000000000000e+00
0.000000000000000000e+00
0.000000000000000000e+00
0.000000000000000000e+00
0.000000000000000000e+00
0.000000000000000000e+00
0.000000000000000000e+00
0.000000000000000000e+00
0.000000000000000000e+00
0.000000000000000000e+00
0.000000000000000000e+00
0.000000000000000000e+00
0.000000000000000000e+00
0.000000000000000000e+00
0.000000000000000000e+00
0.000000000000000000e+00
0.000000000000000000e+00
0.000000000000000000e+00
0.000000000000000000e+00
6.004486659731298089e-03
0.000000000000000000e+00
1.014888706785726548e-03
0.000000000000000000e+00
0.000000000000000000e+00
2.293476664367042738e-03
7.911690549948930664e-05
2.725902107442242811e-04
0.000000000000000000e+00
3.405021835639454163e-04
1.991462691858699992e-04
0.000000000000000000e+00
1.399556597357065439e-03
7.162089082311462939e-04
6.311881486916638175e-03
0.000000000000000000e+00
0.000000000000000000e+00
0.000000000000000000e+00
0.000000000000000000e+00
3.376664644544231497e-03
0.000000000000000000e+00
0.000000000000000000e+00
0.000000000000000000e+00
0.000000000000000000e+00
3.762889411648505486e-04
0.000000000000000000e+00
0.000000000000000000e+00
0.000000000000000000e+00
6.453453165341708044e-05
0.000000000000000000e+00
0.000000000000000000e+00
0.000000000000000000e+00
0.000000000000000000e+00
0.000000000000000000e+00
5.735376718247995297e-03
0.000000000000000000e+00
0.000000000000000000e+00
0.000000000000000000e+00
0.000000000000000000e+00
0.000000000000000000e+00
0.000000000000000000e+00
0.000000000000000000e+00
0.000000000000000000e+00
0.000000000000000000e+00
0.000000000000000000e+00
3.446334078488841844e-03
