6.874861643341910683e-05
0.000000000000000000e+00
0.000000000000000000e+00
0.000000000000000000e+00
0.000000000000000000e+00
0.000000000000000000e+00
0.000000000000000000e+00
0.000000000000000000e+00
0.000000000000000000e+00
6.563753911828578921e-05
0.000000000000000000e+00
7.184687870293108777e-03
5.819112265022853038e-04
1.311491461502629430e-03
0.000000000000000000e+00
0.000000000000000000e+00
0.000000000000000000e+00
0.000000000000000000e+00
4.488205230199720066e-05
3.431941048729138547e-04
0.000000000000000000e+00
0.000000000000000000e+00
0.000000000000000000e+00
0.000000000000000000e+00
1.103923497417429750e-05
0.000000000000000000e+00
0.000000000000000000e+00
0.000000000000000000e+00
0.000000000000000000e+00
0.000000000000000000e+00
3.213573390123852552e-04
0.000000000000000000e+00
5.044150333884844101e-02
3.128688095397314742e-04
1.171462490698251820e-04
0.000000000000000000e+00
0.000000000000000000e+00
0.000000000000000000e+00
0.000000000000000000e+00
4.000543450476432700e-03
0.000000000000000000e+00
0.000000000000000000e+00
0.000000000000000000e+00
0.000000000000000000e+00
4.626504003152944735e-05
6.430824649404985431e-04
1.199518804833460948e-04
2.452768858339108367e-04
0.000000000000000000e+00
3.873390412860328058e-04
5.233719339550237928e-04
0.000000000000000000e+00
0.000000000000000000e+00
0.000000000000000000e+00
0.000000000000000000e+00
0.000000000000000000e+00
3.607343430945726963e-04
6.339580278185583334e-04
0.000000000000000000e+00
0.000000000000000000e+00
1.058914808682811002e-04
0.000000000000000000e+00
0.000000000000000000e+00
0.000000000000000000e+00
0.000000000000000000e+00
0.000000000000000000e+00
0.000000000000000000e+00
0.000000000000000000e+00
1.152477204601776986e-04
4.195059866830748327e-05
0.000000000000000000e+00
0.000000000000000000e+00
0.000000000000000000e+00
1.289035457333508961e-03
0.000000000000000000e+00
0.000000000000000000e+00
2.101736440229591161e-04
0.000000000000000000e+00
0.000000000000000000e+00
0.000000000000000000e+00
0.000000000000000000e+00
0.000000000000000000e+00
0.000000000000000000e+00
0.000000000000000000e+00
2.384440474514673905e-03
0.000000000000000000e+00
0.000000000000000000e+00
5.371663970303703451e-05
0.000000000000000000e+00
1.751988838320039747e-04
0.000000000000000000e+00
0.000000000000000000e+00
0.000000000000000000e+00
3.732206663018532821e-06
2.367021778075761453e-07
0.000000000000000000e+00
2.262159675208321298e-05
4.736703985795563600e-05
0.000000000000000000e+00
8.820623450722272477e-05
0.000000000000000000e+00
0.000000000000000000e+00
0.000000000000000000e+00
0.000000000000000000e+00
0.000000000000000000e+00
0.000000000000000000e+00
0.000000000000000000e+00
0.000000000000000000e+00
6.131410326892361819e-04
2.827705987599586548e-03
0.000000000000000000e+00
1.028767939160416846e-03
0.000000000000000000e+00
0.000000000000000000e+00
1.497860739924110264e-04
0.000000000000000000e+00
0.000000000000000000e+00
0.000000000000000000e+00
0.000000000000000000e+00
0.000000000000000000e+00
0.000000000000000000e+00
8.236473162353333266e-04
0.000000000000000000e+00
0.000000000000000000e+00
2.756181324672704998e-05
1.645311233322402020e-02
0.000000000000000000e+00
0.000000000000000000e+00
0.000000000000000000e+00
0.000000000000000000e+00
0.000000000000000000e+00
0.000000000000000000e+00
0.000000000000000000e+00
0.000000000000000000e+00
0.000000000000000000e+00
0.000000000000000000e+00
0.000000000000000000e+00
0.000000000000000000e+00
2.759878525522374646e-04
5.638393461086724297e-07
0.000000000000000000e+00
0.000000000000000000e+00
0.000000000000000000e+00
0.000000000000000000e+00
0.000000000000000000e+00
0.000000000000000000e+00
4.983148863365806272e-05
0.000000000000000000e+00
5.392930685127783109e-05
1.203006907357786841e-04
0.000000000000000000e+00
0.000000000000000000e+00
0.000000000000000000e+00
0.000000000000000000e+00
0.000000000000000000e+00
0.000000000000000000e+00
0.000000000000000000e+00
0.000000000000000000e+00
0.000000000000000000e+00
0.000000000000000000e+00
0.000000000000000000e+00
0.000000000000000000e+00
0.000000000000000000e+00
0.000000000000000000e+00
0.000000000000000000e+00
0.000000000000000000e+00
0.000000000000000000e+00
0.000000000000000000e+00
0.000000000000000000e+00
3.344921948126756842e-04
0.000000000000000000e+00
4.152082178499733847e-04
0.000000000000000000e+00
0.000000000000000000e+00
3.291610845356307893e-04
6.508530912686993962e-05
6.478473680446856088e-05
0.000000000000000000e+00
1.651171293928282101e-04
1.991462374339835330e-04
0.000000000000000000e+00
1.399556315797979714e-03
6.075220668923723803e-04
8.541170704839052196e-04
0.000000000000000000e+00
0.000000000000000000e+00
0.000000000000000000e+00
0.000000000000000000e+00
3.013782944018771580e-04
0.000000000000000000e+00
0.000000000000000000e+00
0.000000000000000000e+00
0.000000000000000000e+00
3.762887792351190435e-04
0.000000000000000000e+00
0.000000000000000000e+00
0.000000000000000000e+00
4.431836489982990737e-05
0.000000000000000000e+00
0.000000000000000000e+00
0.000000000000000000e+00
0.000000000000000000e+00
0.000000000000000000e+00
4.810135216088969414e-04
0.000000000000000000e+00
0.000000000000000000e+00
0.000000000000000000e+00
0.000000000000000000e+00
0.000000000000000000e+00
0.000000000000000000e+00
0.000000000000000000e+00
0.000000000000000000e+00
0.000000000000000000e+00
0.000000000000000000e+00
3.446338214515219135e-03
