5.348062004884982824e-04
0.000000000000000000e+00
0.000000000000000000e+00
0.000000000000000000e+00
0.000000000000000000e+00
0.000000000000000000e+00
0.000000000000000000e+00
0.000000000000000000e+00
0.000000000000000000e+00
3.429958119937128467e-04
0.000000000000000000e+00
4.389374552954972315e-03
1.435495903593899530e-03
9.295111183979357138e-04
0.000000000000000000e+00
0.000000000000000000e+00
0.000000000000000000e+00
0.000000000000000000e+00
3.789119763742418781e-04
1.117913928346463831e-03
0.000000000000000000e+00
0.000000000000000000e+00
0.000000000000000000e+00
0.000000000000000000e+00
9.410274847872576341e-05
0.000000000000000000e+00
0.000000000000000000e+00
0.000000000000000000e+00
0.000000000000000000e+00
0.000000000000000000e+00
1.602191537165727875e-05
0.000000000000000000e+00
5.645293737464850831e-02
9.989604657467433813e-04
7.707246248054642861e-04
0.000000000000000000e+00
0.000000000000000000e+00
0.000000000000000000e+00
0.000000000000000000e+00
7.227988958365586837e-03
0.000000000000000000e+00
0.000000000000000000e+00
0.000000000000000000e+00
0.000000000000000000e+00
2.600794138440188155e-04
1.567953637860023883e-03
6.779459114567030825e-04
2.236142029393110332e-03
0.000000000000000000e+00
1.091952425276059143e-03
1.318727260432303334e-03
0.000000000000000000e+00
0.000000000000000000e+00
0.000000000000000000e+00
0.000000000000000000e+00
0.000000000000000000e+00
5.668657987486525344e-05
9.205279749707027817e-04
0.000000000000000000e+00
0.000000000000000000e+00
1.569795800705862856e-03
0.000000000000000000e+00
0.000000000000000000e+00
0.000000000000000000e+00
0.000000000000000000e+00
0.000000000000000000e+00
0.000000000000000000e+00
0.000000000000000000e+00
2.663089188314445697e-05
8.832998895210517206e-06
0.000000000000000000e+00
0.000000000000000000e+00
0.000000000000000000e+00
2.437115885827796213e-03
0.000000000000000000e+00
0.000000000000000000e+00
1.172297502423452547e-03
0.000000000000000000e+00
0.000000000000000000e+00
0.000000000000000000e+00
0.000000000000000000e+00
0.000000000000000000e+00
0.000000000000000000e+00
0.000000000000000000e+00
3.769682627584931400e-03
0.000000000000000000e+00
0.000000000000000000e+00
4.818302129403108239e-04
0.000000000000000000e+00
7.026401765847416561e-04
0.000000000000000000e+00
0.000000000000000000e+00
0.000000000000000000e+00
3.500701722554697831e-02
2.082696583073380522e-04
0.000000000000000000e+00
3.131923741063320733e-04
5.284163566126481339e-04
0.000000000000000000e+00
1.743396456750973174e-04
0.000000000000000000e+00
0.000000000000000000e+00
0.000000000000000000e+00
0.000000000000000000e+00
0.000000000000000000e+00
0.000000000000000000e+00
0.000000000000000000e+00
0.000000000000000000e+00
1.003515035968556384e-04
9.320767173753976903e-05
0.000000000000000000e+00
4.853176830129169242e-04
0.000000000000000000e+00
0.000000000000000000e+00
4.418058248137249453e-04
0.000000000000000000e+00
0.000000000000000000e+00
0.000000000000000000e+00
0.000000000000000000e+00
0.000000000000000000e+00
0.000000000000000000e+00
3.591973494068568108e-04
0.000000000000000000e+00
0.000000000000000000e+00
1.957838631486954247e-03
3.858653739788799053e-02
0.000000000000000000e+00
0.000000000000000000e+00
0.000000000000000000e+00
0.000000000000000000e+00
0.000000000000000000e+00
0.000000000000000000e+00
0.000000000000000000e+00
0.000000000000000000e+00
0.000000000000000000e+00
0.000000000000000000e+00
0.000000000000000000e+00
0.000000000000000000e+00
1.149123258981336101e-03
4.942493179573065516e-05
0.000000000000000000e+00
0.000000000000000000e+00
0.000000000000000000e+00
0.000000000000000000e+00
0.000000000000000000e+00
0.000000000000000000e+00
1.123808425669421164e-03
0.000000000000000000e+00
2.610925721950031438e-05
2.145253323654260037e-04
0.000000000000000000e+00
0.000000000000000000e+00
0.000000000000000000e+00
0.000000000000000000e+00
0.000000000000000000e+00
0.000000000000000000e+00
0.000000000000000000e+00
0.000000000000000000e+00
0.000000000000000000e+00
0.000000000000000000e+00
0.000000000000000000e+00
0.000000000000000000e+00
0.000000000000000000e+00
0.000000000000000000e+00
0.000000000000000000e+00
0.000000000000000000e+00
0.000000000000000000e+00
0.000000000000000000e+00
0.000000000000000000e+00
1.113272687107267570e-03
0.000000000000000000e+00
1.180702516946991994e-03
0.000000000000000000e+00
0.000000000000000000e+00
8.761347328286245902e-04
7.960697540489096561e-07
2.272293527749081802e-07
0.000000000000000000e+00
4.228328757764010856e-06
4.323354972984414673e-04
0.000000000000000000e+00
2.464929187575505727e-03
5.399799557496238675e-05
1.861599842797135489e-03
0.000000000000000000e+00
0.000000000000000000e+00
0.000000000000000000e+00
0.000000000000000000e+00
9.069218899513576022e-04
0.000000000000000000e+00
0.000000000000000000e+00
0.000000000000000000e+00
0.000000000000000000e+00
1.293642833871040020e-05
0.000000000000000000e+00
0.000000000000000000e+00
0.000000000000000000e+00
7.826342184598969161e-05
0.000000000000000000e+00
0.000000000000000000e+00
0.000000000000000000e+00
0.000000000000000000e+00
0.000000000000000000e+00
1.252154089204476385e-03
0.000000000000000000e+00
0.000000000000000000e+00
0.000000000000000000e+00
0.000000000000000000e+00
0.000000000000000000e+00
0.000000000000000000e+00
0.000000000000000000e+00
0.000000000000000000e+00
0.000000000000000000e+00
0.000000000000000000e+00
9.162288339507131162e-04
