9.010801075377905067e-05
0.000000000000000000e+00
0.000000000000000000e+00
0.000000000000000000e+00
0.000000000000000000e+00
0.000000000000000000e+00
0.000000000000000000e+00
0.000000000000000000e+00
0.000000000000000000e+00
5.722964809095675571e-06
0.000000000000000000e+00
3.105676792239039051e-03
7.288079228018455342e-05
8.956929716830495762e-04
0.000000000000000000e+00
0.000000000000000000e+00
0.000000000000000000e+00
0.000000000000000000e+00
3.151384505322222238e-04
3.031291853609639005e-05
0.000000000000000000e+00
0.000000000000000000e+00
0.000000000000000000e+00
0.000000000000000000e+00
2.309770543925130845e-04
0.000000000000000000e+00
0.000000000000000000e+00
0.000000000000000000e+00
0.000000000000000000e+00
0.000000000000000000e+00
8.203328536312283828e-03
0.000000000000000000e+00
5.763466823899966035e-02
3.263708113274722540e-04
1.163088713224754187e-04
0.000000000000000000e+00
0.000000000000000000e+00
0.000000000000000000e+00
0.000000000000000000e+00
3.251513231906532492e-02
0.000000000000000000e+00
0.000000000000000000e+00
0.000000000000000000e+00
0.000000000000000000e+00
3.090067972992172670e-03
3.223799191767585492e-04
4.173608716568130736e-08
2.902058365365957219e-04
0.000000000000000000e+00
3.562840709536135961e-05
1.305238375149599334e-03
0.000000000000000000e+00
0.000000000000000000e+00
0.000000000000000000e+00
0.000000000000000000e+00
0.000000000000000000e+00
9.254890842165664616e-05
1.132513769009102196e-03
0.000000000000000000e+00
0.000000000000000000e+00
2.262035839495419491e-04
0.000000000000000000e+00
0.000000000000000000e+00
0.000000000000000000e+00
0.000000000000000000e+00
0.000000000000000000e+00
0.000000000000000000e+00
0.000000000000000000e+00
9.818486356897495465e-04
5.207289554144584097e-04
0.000000000000000000e+00
0.000000000000000000e+00
0.000000000000000000e+00
2.067841424484586049e-04
0.000000000000000000e+00
0.000000000000000000e+00
1.066386087847535701e-04
0.000000000000000000e+00
0.000000000000000000e+00
0.000000000000000000e+00
0.000000000000000000e+00
0.000000000000000000e+00
0.000000000000000000e+00
0.000000000000000000e+00
5.780675084655945324e-04
0.000000000000000000e+00
0.000000000000000000e+00
1.740511159128088289e-04
0.000000000000000000e+00
1.814679987471947776e-03
0.000000000000000000e+00
0.000000000000000000e+00
0.000000000000000000e+00
8.838749948537910238e-04
1.709777595003839708e-05
0.000000000000000000e+00
2.864879275594707292e-04
1.199837302303373725e-04
0.000000000000000000e+00
3.400861151481157836e-04
0.000000000000000000e+00
0.000000000000000000e+00
0.000000000000000000e+00
0.000000000000000000e+00
0.000000000000000000e+00
0.000000000000000000e+00
0.000000000000000000e+00
0.000000000000000000e+00
5.897862663989991949e-05
3.727377984105591756e-03
0.000000000000000000e+00
7.255849101843957726e-04
0.000000000000000000e+00
0.000000000000000000e+00
7.052858385229878282e-05
0.000000000000000000e+00
0.000000000000000000e+00
0.000000000000000000e+00
0.000000000000000000e+00
0.000000000000000000e+00
0.000000000000000000e+00
1.974742880063569091e-05
0.000000000000000000e+00
0.000000000000000000e+00
2.653016795010970587e-04
3.777209022488191986e-02
0.000000000000000000e+00
0.000000000000000000e+00
0.000000000000000000e+00
0.000000000000000000e+00
0.000000000000000000e+00
0.000000000000000000e+00
0.000000000000000000e+00
0.000000000000000000e+00
0.000000000000000000e+00
0.000000000000000000e+00
0.000000000000000000e+00
0.000000000000000000e+00
5.234835395266227212e-05
5.317918598752092266e-07
0.000000000000000000e+00
0.000000000000000000e+00
0.000000000000000000e+00
0.000000000000000000e+00
0.000000000000000000e+00
0.000000000000000000e+00
2.443906636327190138e-06
0.000000000000000000e+00
5.422220587895081502e-06
3.706038076323015399e-06
0.000000000000000000e+00
0.000000000000000000e+00
0.000000000000000000e+00
0.000000000000000000e+00
0.000000000000000000e+00
0.000000000000000000e+00
0.000000000000000000e+00
0.000000000000000000e+00
0.000000000000000000e+00
0.000000000000000000e+00
0.000000000000000000e+00
0.000000000000000000e+00
0.000000000000000000e+00
0.000000000000000000e+00
0.000000000000000000e+00
0.000000000000000000e+00
0.000000000000000000e+00
0.000000000000000000e+00
0.000000000000000000e+00
5.798072857938415007e-04
0.000000000000000000e+00
5.283062715114779395e-05
0.000000000000000000e+00
0.000000000000000000e+00
3.806021473346766576e-05
2.431507267215885881e-05
5.120011582494891347e-04
0.000000000000000000e+00
9.994291718118492821e-04
5.940085217602860540e-04
0.000000000000000000e+00
1.783673837708865380e-04
4.349787690928970971e-04
3.182716174877095808e-05
0.000000000000000000e+00
0.000000000000000000e+00
0.000000000000000000e+00
0.000000000000000000e+00
1.730066845853912134e-04
0.000000000000000000e+00
0.000000000000000000e+00
0.000000000000000000e+00
0.000000000000000000e+00
5.012852560773798912e-05
0.000000000000000000e+00
0.000000000000000000e+00
0.000000000000000000e+00
1.887353548608849409e-04
0.000000000000000000e+00
0.000000000000000000e+00
0.000000000000000000e+00
0.000000000000000000e+00
0.000000000000000000e+00
7.460191551939485946e-05
0.000000000000000000e+00
0.000000000000000000e+00
0.000000000000000000e+00
0.000000000000000000e+00
0.000000000000000000e+00
0.000000000000000000e+00
0.000000000000000000e+00
0.000000000000000000e+00
0.000000000000000000e+00
0.000000000000000000e+00
9.002115880029221140e-04
