3.499627387341179259e-04
0.000000000000000000e+00
0.000000000000000000e+00
0.000000000000000000e+00
0.000000000000000000e+00
0.000000000000000000e+00
0.000000000000000000e+00
0.000000000000000000e+00
0.000000000000000000e+00
2.404589350756504624e-04
0.000000000000000000e+00
7.184684764038041377e-03
2.810413045348417427e+02
1.244533486299298714e-03
0.000000000000000000e+00
0.000000000000000000e+00
0.000000000000000000e+00
0.000000000000000000e+00
2.655164711028579119e-03
5.217409659434347514e-03
0.000000000000000000e+00
0.000000000000000000e+00
0.000000000000000000e+00
0.000000000000000000e+00
8.747914486855601487e-04
0.000000000000000000e+00
0.000000000000000000e+00
0.000000000000000000e+00
0.000000000000000000e+00
0.000000000000000000e+00
2.806429296254428149e-03
0.000000000000000000e+00
5.645641240935683758e-02
3.354642576518851449e-03
7.367611711863192997e-03
0.000000000000000000e+00
0.000000000000000000e+00
0.000000000000000000e+00
0.000000000000000000e+00
3.295004293665626527e-02
0.000000000000000000e+00
0.000000000000000000e+00
0.000000000000000000e+00
0.000000000000000000e+00
6.101950860995671543e-03
1.492627716209711823e-03
5.849199522157061751e-04
4.064886481234849906e-03
0.000000000000000000e+00
2.631106204028057713e-03
1.071182772794939319e-03
0.000000000000000000e+00
0.000000000000000000e+00
0.000000000000000000e+00
0.000000000000000000e+00
0.000000000000000000e+00
3.607350943314007580e-04
6.339567058888920161e-04
0.000000000000000000e+00
0.000000000000000000e+00
3.566723085856168905e-03
0.000000000000000000e+00
0.000000000000000000e+00
0.000000000000000000e+00
0.000000000000000000e+00
0.000000000000000000e+00
0.000000000000000000e+00
0.000000000000000000e+00
2.210696005526155330e-03
7.636509075586409186e-05
0.000000000000000000e+00
0.000000000000000000e+00
0.000000000000000000e+00
2.012044771016137813e-03
0.000000000000000000e+00
0.000000000000000000e+00
1.151710232282699168e-03
0.000000000000000000e+00
0.000000000000000000e+00
0.000000000000000000e+00
0.000000000000000000e+00
0.000000000000000000e+00
0.000000000000000000e+00
0.000000000000000000e+00
3.150051306417951842e-03
0.000000000000000000e+00
0.000000000000000000e+00
1.901138322918867560e-03
0.000000000000000000e+00
7.618441618426211384e-03
0.000000000000000000e+00
0.000000000000000000e+00
0.000000000000000000e+00
2.678315175114437830e-03
6.601985969503685551e-04
0.000000000000000000e+00
1.042339037805637943e-03
4.004643313780065737e-03
0.000000000000000000e+00
8.820623525781922270e-05
0.000000000000000000e+00
0.000000000000000000e+00
0.000000000000000000e+00
0.000000000000000000e+00
0.000000000000000000e+00
0.000000000000000000e+00
0.000000000000000000e+00
0.000000000000000000e+00
4.411589854108897805e-03
5.744373516805905897e-03
0.000000000000000000e+00
1.228502131416397318e-03
0.000000000000000000e+00
0.000000000000000000e+00
5.792779018447946800e-03
0.000000000000000000e+00
0.000000000000000000e+00
0.000000000000000000e+00
0.000000000000000000e+00
0.000000000000000000e+00
0.000000000000000000e+00
4.647458246052701579e-04
0.000000000000000000e+00
0.000000000000000000e+00
3.332172962712732014e-03
3.768459192334531332e-02
0.000000000000000000e+00
0.000000000000000000e+00
0.000000000000000000e+00
0.000000000000000000e+00
0.000000000000000000e+00
0.000000000000000000e+00
0.000000000000000000e+00
0.000000000000000000e+00
0.000000000000000000e+00
0.000000000000000000e+00
0.000000000000000000e+00
0.000000000000000000e+00
5.807962641957944983e-03
3.122357994067632872e-05
0.000000000000000000e+00
0.000000000000000000e+00
0.000000000000000000e+00
0.000000000000000000e+00
0.000000000000000000e+00
0.000000000000000000e+00
2.141301293899885660e+00
0.000000000000000000e+00
1.416929328757892925e+01
1.119377182575919836e-03
0.000000000000000000e+00
0.000000000000000000e+00
0.000000000000000000e+00
0.000000000000000000e+00
0.000000000000000000e+00
0.000000000000000000e+00
0.000000000000000000e+00
0.000000000000000000e+00
0.000000000000000000e+00
0.000000000000000000e+00
0.000000000000000000e+00
0.000000000000000000e+00
0.000000000000000000e+00
0.000000000000000000e+00
0.000000000000000000e+00
0.000000000000000000e+00
0.000000000000000000e+00
0.000000000000000000e+00
0.000000000000000000e+00
6.004439265975760817e-03
0.000000000000000000e+00
1.014891030330597379e-03
0.000000000000000000e+00
0.000000000000000000e+00
3.915800783823872866e-01
7.911691931783238288e-05
2.725899468579130952e-04
0.000000000000000000e+00
3.405027991301144176e-04
1.991440670681852640e-04
0.000000000000000000e+00
1.399556125561267914e-03
7.162088529101538238e-04
6.311892579029849612e-03
0.000000000000000000e+00
0.000000000000000000e+00
0.000000000000000000e+00
0.000000000000000000e+00
1.919168600568023908e-01
0.000000000000000000e+00
0.000000000000000000e+00
0.000000000000000000e+00
0.000000000000000000e+00
3.762887198906073169e-04
0.000000000000000000e+00
0.000000000000000000e+00
0.000000000000000000e+00
6.453458460475806490e-05
0.000000000000000000e+00
0.000000000000000000e+00
0.000000000000000000e+00
0.000000000000000000e+00
0.000000000000000000e+00
5.735384364095786128e-03
0.000000000000000000e+00
0.000000000000000000e+00
0.000000000000000000e+00
0.000000000000000000e+00
0.000000000000000000e+00
0.000000000000000000e+00
0.000000000000000000e+00
0.000000000000000000e+00
0.000000000000000000e+00
0.000000000000000000e+00
3.446337388583685032e-03
