6.216077954993351733e-05
0.000000000000000000e+00
0.000000000000000000e+00
0.000000000000000000e+00
0.000000000000000000e+00
0.000000000000000000e+00
0.000000000000000000e+00
0.000000000000000000e+00
0.000000000000000000e+00
8.552851152993567671e-06
0.000000000000000000e+00
6.830495214307842969e-03
1.124385364770647406e-04
1.795226899271564142e-03
0.000000000000000000e+00
0.000000000000000000e+00
0.000000000000000000e+00
0.000000000000000000e+00
1.975025557481503605e-04
2.271766980872752162e-05
0.000000000000000000e+00
0.000000000000000000e+00
0.000000000000000000e+00
0.000000000000000000e+00
2.383976465026472623e-04
0.000000000000000000e+00
0.000000000000000000e+00
0.000000000000000000e+00
0.000000000000000000e+00
0.000000000000000000e+00
1.534185337344367572e-07
0.000000000000000000e+00
5.550838709057478310e-02
3.317938966073739437e-04
1.004217736109661735e-04
0.000000000000000000e+00
0.000000000000000000e+00
0.000000000000000000e+00
0.000000000000000000e+00
1.534664218751769123e-02
0.000000000000000000e+00
0.000000000000000000e+00
0.000000000000000000e+00
0.000000000000000000e+00
2.216568178999216415e-03
7.735827270927640156e-04
5.367416566552321865e-05
4.068851972688298569e-04
0.000000000000000000e+00
2.023463260081356655e-05
1.872219876342631924e-04
0.000000000000000000e+00
0.000000000000000000e+00
0.000000000000000000e+00
0.000000000000000000e+00
0.000000000000000000e+00
7.657545670809257294e-05
1.540051165927307664e-03
0.000000000000000000e+00
0.000000000000000000e+00
5.898373674494466947e-04
0.000000000000000000e+00
0.000000000000000000e+00
0.000000000000000000e+00
0.000000000000000000e+00
0.000000000000000000e+00
0.000000000000000000e+00
0.000000000000000000e+00
7.566683123804767916e-04
1.649527871750948308e-04
0.000000000000000000e+00
0.000000000000000000e+00
0.000000000000000000e+00
1.545490571624466379e-05
0.000000000000000000e+00
0.000000000000000000e+00
1.263201770184475587e-04
0.000000000000000000e+00
0.000000000000000000e+00
0.000000000000000000e+00
0.000000000000000000e+00
0.000000000000000000e+00
0.000000000000000000e+00
0.000000000000000000e+00
7.324047127439610493e-04
0.000000000000000000e+00
0.000000000000000000e+00
4.146555048717555608e-04
0.000000000000000000e+00
1.888179175753057319e-03
0.000000000000000000e+00
0.000000000000000000e+00
0.000000000000000000e+00
7.206596727134448582e-04
1.884194570192387371e-05
0.000000000000000000e+00
2.486296140413140460e-04
1.056913373986151654e-04
0.000000000000000000e+00
3.594145257116119092e-05
0.000000000000000000e+00
0.000000000000000000e+00
0.000000000000000000e+00
0.000000000000000000e+00
0.000000000000000000e+00
0.000000000000000000e+00
0.000000000000000000e+00
0.000000000000000000e+00
2.395899520579592291e-05
7.481673949993404571e-02
0.000000000000000000e+00
7.481358407213789400e-04
0.000000000000000000e+00
0.000000000000000000e+00
6.641581995665849978e-05
0.000000000000000000e+00
0.000000000000000000e+00
0.000000000000000000e+00
0.000000000000000000e+00
0.000000000000000000e+00
0.000000000000000000e+00
1.002667959111010068e-03
0.000000000000000000e+00
0.000000000000000000e+00
2.473381353444320551e-04
3.757089335805625235e-02
0.000000000000000000e+00
0.000000000000000000e+00
0.000000000000000000e+00
0.000000000000000000e+00
0.000000000000000000e+00
0.000000000000000000e+00
0.000000000000000000e+00
0.000000000000000000e+00
0.000000000000000000e+00
0.000000000000000000e+00
0.000000000000000000e+00
0.000000000000000000e+00
1.580800197197791451e-05
7.075415498697403675e-07
0.000000000000000000e+00
0.000000000000000000e+00
0.000000000000000000e+00
0.000000000000000000e+00
0.000000000000000000e+00
0.000000000000000000e+00
8.405219573729795295e-06
0.000000000000000000e+00
2.205178870273271762e-06
5.861218596014250827e-05
0.000000000000000000e+00
0.000000000000000000e+00
0.000000000000000000e+00
0.000000000000000000e+00
0.000000000000000000e+00
0.000000000000000000e+00
0.000000000000000000e+00
0.000000000000000000e+00
0.000000000000000000e+00
0.000000000000000000e+00
0.000000000000000000e+00
0.000000000000000000e+00
0.000000000000000000e+00
0.000000000000000000e+00
0.000000000000000000e+00
0.000000000000000000e+00
0.000000000000000000e+00
0.000000000000000000e+00
0.000000000000000000e+00
4.751846443779604644e-04
0.000000000000000000e+00
5.375227995001423674e-05
0.000000000000000000e+00
0.000000000000000000e+00
6.030781375791580557e-05
5.075114011395101586e-05
2.195903807206441146e-04
0.000000000000000000e+00
8.905761946625182206e-04
2.872839804859831422e-04
0.000000000000000000e+00
3.659224438915967763e-05
5.575893483617942086e-04
4.347707489739925397e-05
0.000000000000000000e+00
0.000000000000000000e+00
0.000000000000000000e+00
0.000000000000000000e+00
1.158252845426934808e-04
0.000000000000000000e+00
0.000000000000000000e+00
0.000000000000000000e+00
0.000000000000000000e+00
4.263115247774130172e-05
0.000000000000000000e+00
0.000000000000000000e+00
0.000000000000000000e+00
1.563607944144865323e-04
0.000000000000000000e+00
0.000000000000000000e+00
0.000000000000000000e+00
0.000000000000000000e+00
0.000000000000000000e+00
7.649927953260677910e-05
0.000000000000000000e+00
0.000000000000000000e+00
0.000000000000000000e+00
0.000000000000000000e+00
0.000000000000000000e+00
0.000000000000000000e+00
0.000000000000000000e+00
0.000000000000000000e+00
0.000000000000000000e+00
0.000000000000000000e+00
3.332027388866998924e-03
