7.913607661901081436e-05
0.000000000000000000e+00
0.000000000000000000e+00
0.000000000000000000e+00
0.000000000000000000e+00
0.000000000000000000e+00
0.000000000000000000e+00
0.000000000000000000e+00
0.000000000000000000e+00
2.358914184932862847e-04
0.000000000000000000e+00
3.105676437185211133e-03
7.572529985582987446e-05
8.956931166740701765e-04
0.000000000000000000e+00
0.000000000000000000e+00
0.000000000000000000e+00
0.000000000000000000e+00
2.488283073563193339e-06
3.817396947348513519e-05
0.000000000000000000e+00
0.000000000000000000e+00
0.000000000000000000e+00
0.000000000000000000e+00
1.127435805855384785e-05
0.000000000000000000e+00
0.000000000000000000e+00
0.000000000000000000e+00
0.000000000000000000e+00
0.000000000000000000e+00
5.456319128660145819e-06
0.000000000000000000e+00
4.850121790434947650e-02
9.338421103083764684e-05
4.423215339233374635e-06
0.000000000000000000e+00
0.000000000000000000e+00
0.000000000000000000e+00
0.000000000000000000e+00
5.305394127913039271e-03
0.000000000000000000e+00
0.000000000000000000e+00
0.000000000000000000e+00
0.000000000000000000e+00
1.521519732047608720e-06
3.645480151981504843e-04
7.442261659779072938e-05
3.094959371187047019e-04
0.000000000000000000e+00
2.405405622144176169e-06
9.680299115701789577e-05
0.000000000000000000e+00
0.000000000000000000e+00
0.000000000000000000e+00
0.000000000000000000e+00
0.000000000000000000e+00
9.254882266310019421e-05
8.886933597663989335e-04
0.000000000000000000e+00
0.000000000000000000e+00
2.978725176380902389e-04
0.000000000000000000e+00
0.000000000000000000e+00
0.000000000000000000e+00
0.000000000000000000e+00
0.000000000000000000e+00
0.000000000000000000e+00
0.000000000000000000e+00
1.258139640151803890e-05
3.359419577404330908e-05
0.000000000000000000e+00
0.000000000000000000e+00
0.000000000000000000e+00
2.067841182082040259e-04
0.000000000000000000e+00
0.000000000000000000e+00
1.279919355503454604e-04
0.000000000000000000e+00
0.000000000000000000e+00
0.000000000000000000e+00
0.000000000000000000e+00
0.000000000000000000e+00
0.000000000000000000e+00
0.000000000000000000e+00
5.780675204500796598e-04
0.000000000000000000e+00
0.000000000000000000e+00
4.577608133555301521e-05
0.000000000000000000e+00
2.637346380751110782e-05
0.000000000000000000e+00
0.000000000000000000e+00
0.000000000000000000e+00
1.922416820359764745e-05
2.226910354624718021e-06
0.000000000000000000e+00
2.864880285237706380e-04
8.958281409127992674e-06
0.000000000000000000e+00
3.400863830918270559e-04
0.000000000000000000e+00
0.000000000000000000e+00
0.000000000000000000e+00
0.000000000000000000e+00
0.000000000000000000e+00
0.000000000000000000e+00
0.000000000000000000e+00
0.000000000000000000e+00
5.802017585167139677e-05
3.944733679971026280e-05
0.000000000000000000e+00
7.255849547877382764e-04
0.000000000000000000e+00
0.000000000000000000e+00
7.585752641027411079e-05
0.000000000000000000e+00
0.000000000000000000e+00
0.000000000000000000e+00
0.000000000000000000e+00
0.000000000000000000e+00
0.000000000000000000e+00
6.747141432048326271e-04
0.000000000000000000e+00
0.000000000000000000e+00
2.860914793951382061e-04
2.141100634585418189e-02
0.000000000000000000e+00
0.000000000000000000e+00
0.000000000000000000e+00
0.000000000000000000e+00
0.000000000000000000e+00
0.000000000000000000e+00
0.000000000000000000e+00
0.000000000000000000e+00
0.000000000000000000e+00
0.000000000000000000e+00
0.000000000000000000e+00
0.000000000000000000e+00
1.704905185069464197e-04
4.542088282781861966e-06
0.000000000000000000e+00
0.000000000000000000e+00
0.000000000000000000e+00
0.000000000000000000e+00
0.000000000000000000e+00
0.000000000000000000e+00
6.619973495718732093e-05
0.000000000000000000e+00
2.163655169106537047e-05
1.222573001188696350e-04
0.000000000000000000e+00
0.000000000000000000e+00
0.000000000000000000e+00
0.000000000000000000e+00
0.000000000000000000e+00
0.000000000000000000e+00
0.000000000000000000e+00
0.000000000000000000e+00
0.000000000000000000e+00
0.000000000000000000e+00
0.000000000000000000e+00
0.000000000000000000e+00
0.000000000000000000e+00
0.000000000000000000e+00
0.000000000000000000e+00
0.000000000000000000e+00
0.000000000000000000e+00
0.000000000000000000e+00
0.000000000000000000e+00
3.103038584014524586e-04
0.000000000000000000e+00
4.348202002560552424e-05
0.000000000000000000e+00
0.000000000000000000e+00
3.806022875917582549e-05
4.321973821435859000e-07
4.704384353278339456e-05
0.000000000000000000e+00
1.570882661740809563e-04
2.779009037654996453e-04
0.000000000000000000e+00
1.783674358078435839e-04
3.203530448743366690e-04
1.424235346414107347e-04
0.000000000000000000e+00
0.000000000000000000e+00
0.000000000000000000e+00
0.000000000000000000e+00
5.368716063325173875e-05
0.000000000000000000e+00
0.000000000000000000e+00
0.000000000000000000e+00
0.000000000000000000e+00
5.012849014390515710e-05
0.000000000000000000e+00
0.000000000000000000e+00
0.000000000000000000e+00
1.636612207008953344e-04
0.000000000000000000e+00
0.000000000000000000e+00
0.000000000000000000e+00
0.000000000000000000e+00
0.000000000000000000e+00
1.521222887477876817e-05
0.000000000000000000e+00
0.000000000000000000e+00
0.000000000000000000e+00
0.000000000000000000e+00
0.000000000000000000e+00
0.000000000000000000e+00
0.000000000000000000e+00
0.000000000000000000e+00
0.000000000000000000e+00
0.000000000000000000e+00
9.002108737586323167e-04
