5.927073233239006953e-05
0.000000000000000000e+00
0.000000000000000000e+00
0.000000000000000000e+00
0.000000000000000000e+00
0.000000000000000000e+00
0.000000000000000000e+00
0.000000000000000000e+00
0.000000000000000000e+00
4.401479046903410114e-07
0.000000000000000000e+00
2.963469396906400800e-03
6.721127253067316315e-05
4.000734646587039592e-04
0.000000000000000000e+00
0.000000000000000000e+00
0.000000000000000000e+00
0.000000000000000000e+00
2.738586471566946401e-04
9.043585126792576934e-06
0.000000000000000000e+00
0.000000000000000000e+00
0.000000000000000000e+00
0.000000000000000000e+00
2.296926642971140438e-04
0.000000000000000000e+00
0.000000000000000000e+00
0.000000000000000000e+00
0.000000000000000000e+00
0.000000000000000000e+00
1.799188785784156784e-06
0.000000000000000000e+00
5.410141232144258239e-02
4.055710995161023054e-04
8.832917792840641147e-05
0.000000000000000000e+00
0.000000000000000000e+00
0.000000000000000000e+00
0.000000000000000000e+00
1.534664743102040485e-02
0.000000000000000000e+00
0.000000000000000000e+00
0.000000000000000000e+00
0.000000000000000000e+00
2.216597243412998363e-03
4.037446236235921540e-04
1.452352312491725830e-05
3.221318367819223680e-04
0.000000000000000000e+00
1.631396084508661859e-05
1.219215338806531334e-04
0.000000000000000000e+00
0.000000000000000000e+00
0.000000000000000000e+00
0.000000000000000000e+00
0.000000000000000000e+00
9.694150782166969008e-05
1.095845984694055267e-03
0.000000000000000000e+00
0.000000000000000000e+00
2.091291539534303903e-04
0.000000000000000000e+00
0.000000000000000000e+00
0.000000000000000000e+00
0.000000000000000000e+00
0.000000000000000000e+00
0.000000000000000000e+00
0.000000000000000000e+00
7.737087392339159556e-04
3.411976120507019560e-04
0.000000000000000000e+00
0.000000000000000000e+00
0.000000000000000000e+00
3.669307874495604852e-04
0.000000000000000000e+00
0.000000000000000000e+00
2.118419194830079445e-03
0.000000000000000000e+00
0.000000000000000000e+00
0.000000000000000000e+00
0.000000000000000000e+00
0.000000000000000000e+00
0.000000000000000000e+00
0.000000000000000000e+00
1.425460960808410619e-03
0.000000000000000000e+00
0.000000000000000000e+00
1.148760210453307504e-04
0.000000000000000000e+00
1.723858797367266603e-03
0.000000000000000000e+00
0.000000000000000000e+00
0.000000000000000000e+00
5.481614898360981413e-04
1.837744842420369566e-06
0.000000000000000000e+00
3.469383547099665630e-04
7.952192700910497628e-05
0.000000000000000000e+00
1.131652723717650431e-05
0.000000000000000000e+00
0.000000000000000000e+00
0.000000000000000000e+00
0.000000000000000000e+00
0.000000000000000000e+00
0.000000000000000000e+00
0.000000000000000000e+00
0.000000000000000000e+00
5.640846970102581469e-05
7.481673985109106584e-02
0.000000000000000000e+00
1.267831659265885886e-03
0.000000000000000000e+00
0.000000000000000000e+00
6.240481385453695254e-05
0.000000000000000000e+00
0.000000000000000000e+00
0.000000000000000000e+00
0.000000000000000000e+00
0.000000000000000000e+00
0.000000000000000000e+00
1.412811162137484681e-04
0.000000000000000000e+00
0.000000000000000000e+00
2.481221647343266373e-04
3.766424305847241444e-02
0.000000000000000000e+00
0.000000000000000000e+00
0.000000000000000000e+00
0.000000000000000000e+00
0.000000000000000000e+00
0.000000000000000000e+00
0.000000000000000000e+00
0.000000000000000000e+00
0.000000000000000000e+00
0.000000000000000000e+00
0.000000000000000000e+00
0.000000000000000000e+00
1.954512127574217837e-04
3.013957615651300268e-05
0.000000000000000000e+00
0.000000000000000000e+00
0.000000000000000000e+00
0.000000000000000000e+00
0.000000000000000000e+00
0.000000000000000000e+00
1.485937191599208423e-05
0.000000000000000000e+00
5.727642131223251265e-06
6.755316339535838226e-05
0.000000000000000000e+00
0.000000000000000000e+00
0.000000000000000000e+00
0.000000000000000000e+00
0.000000000000000000e+00
0.000000000000000000e+00
0.000000000000000000e+00
0.000000000000000000e+00
0.000000000000000000e+00
0.000000000000000000e+00
0.000000000000000000e+00
0.000000000000000000e+00
0.000000000000000000e+00
0.000000000000000000e+00
0.000000000000000000e+00
0.000000000000000000e+00
0.000000000000000000e+00
0.000000000000000000e+00
0.000000000000000000e+00
5.367517453147899447e-04
0.000000000000000000e+00
3.071776675671558546e-05
0.000000000000000000e+00
0.000000000000000000e+00
7.327640797582499243e-05
1.283220844931152993e-04
3.926737750169039106e-04
0.000000000000000000e+00
1.040103883814088009e-03
3.987593939924821348e-04
0.000000000000000000e+00
2.615745320942124814e-04
6.183689019639141467e-04
5.647756165198526386e-05
0.000000000000000000e+00
0.000000000000000000e+00
0.000000000000000000e+00
0.000000000000000000e+00
2.184376118504943785e-04
0.000000000000000000e+00
0.000000000000000000e+00
0.000000000000000000e+00
0.000000000000000000e+00
3.317531128960475654e-05
0.000000000000000000e+00
0.000000000000000000e+00
0.000000000000000000e+00
2.373409403952746188e-04
0.000000000000000000e+00
0.000000000000000000e+00
0.000000000000000000e+00
0.000000000000000000e+00
0.000000000000000000e+00
5.233276965966174612e-06
0.000000000000000000e+00
0.000000000000000000e+00
0.000000000000000000e+00
0.000000000000000000e+00
0.000000000000000000e+00
0.000000000000000000e+00
0.000000000000000000e+00
0.000000000000000000e+00
0.000000000000000000e+00
0.000000000000000000e+00
1.990404381407859594e-03
