1.007321860394364438e-04
0.000000000000000000e+00
0.000000000000000000e+00
0.000000000000000000e+00
0.000000000000000000e+00
0.000000000000000000e+00
0.000000000000000000e+00
0.000000000000000000e+00
0.000000000000000000e+00
3.279586665342713368e-07
0.000000000000000000e+00
2.957166833815428383e-03
8.167725146943666139e-05
7.192925736081701420e-04
0.000000000000000000e+00
0.000000000000000000e+00
0.000000000000000000e+00
0.000000000000000000e+00
3.969287464245161139e-04
2.161345684938804644e-05
0.000000000000000000e+00
0.000000000000000000e+00
0.000000000000000000e+00
0.000000000000000000e+00
2.508016089576796241e-04
0.000000000000000000e+00
0.000000000000000000e+00
0.000000000000000000e+00
0.000000000000000000e+00
0.000000000000000000e+00
4.461368432635244233e-07
0.000000000000000000e+00
5.756327768474731738e-02
3.732330279558511714e-04
9.612717186928987378e-05
0.000000000000000000e+00
0.000000000000000000e+00
0.000000000000000000e+00
0.000000000000000000e+00
1.534662686194349090e-02
0.000000000000000000e+00
0.000000000000000000e+00
0.000000000000000000e+00
0.000000000000000000e+00
2.216575482204396780e-03
6.455313109832885692e-04
1.187604608086781702e-04
3.719574483117239695e-04
0.000000000000000000e+00
2.139073097357582786e-05
1.798587387429566439e-04
0.000000000000000000e+00
0.000000000000000000e+00
0.000000000000000000e+00
0.000000000000000000e+00
0.000000000000000000e+00
5.918073287141087220e-06
1.590507412250781374e-03
0.000000000000000000e+00
0.000000000000000000e+00
2.453425692626297209e-04
0.000000000000000000e+00
0.000000000000000000e+00
0.000000000000000000e+00
0.000000000000000000e+00
0.000000000000000000e+00
0.000000000000000000e+00
0.000000000000000000e+00
9.424867236385003335e-04
4.212611269989313678e-04
0.000000000000000000e+00
0.000000000000000000e+00
0.000000000000000000e+00
5.960264461732720501e-05
0.000000000000000000e+00
0.000000000000000000e+00
8.874379548080418021e-05
0.000000000000000000e+00
0.000000000000000000e+00
0.000000000000000000e+00
0.000000000000000000e+00
0.000000000000000000e+00
0.000000000000000000e+00
0.000000000000000000e+00
6.317101244832941777e-04
0.000000000000000000e+00
0.000000000000000000e+00
7.460565719452857732e-06
0.000000000000000000e+00
2.024534572749780038e-03
0.000000000000000000e+00
0.000000000000000000e+00
0.000000000000000000e+00
6.251399356237941855e-04
7.999048628693635905e-06
0.000000000000000000e+00
3.480743319909707675e-04
1.258111780424328531e-04
0.000000000000000000e+00
5.059514138589404664e-05
0.000000000000000000e+00
0.000000000000000000e+00
0.000000000000000000e+00
0.000000000000000000e+00
0.000000000000000000e+00
0.000000000000000000e+00
0.000000000000000000e+00
0.000000000000000000e+00
6.090311309670681404e-05
7.481674057282093615e-02
0.000000000000000000e+00
1.335901825056672087e-03
0.000000000000000000e+00
0.000000000000000000e+00
7.997956852424036815e-05
0.000000000000000000e+00
0.000000000000000000e+00
0.000000000000000000e+00
0.000000000000000000e+00
0.000000000000000000e+00
0.000000000000000000e+00
1.051866094911584927e-03
0.000000000000000000e+00
0.000000000000000000e+00
2.935368273156084931e-04
3.747112627587383810e-02
0.000000000000000000e+00
0.000000000000000000e+00
0.000000000000000000e+00
0.000000000000000000e+00
0.000000000000000000e+00
0.000000000000000000e+00
0.000000000000000000e+00
0.000000000000000000e+00
0.000000000000000000e+00
0.000000000000000000e+00
0.000000000000000000e+00
0.000000000000000000e+00
1.728806351267741831e-05
3.268658289334115887e-07
0.000000000000000000e+00
0.000000000000000000e+00
0.000000000000000000e+00
0.000000000000000000e+00
0.000000000000000000e+00
0.000000000000000000e+00
5.676110398469756240e-05
0.000000000000000000e+00
2.346989782533444885e-05
5.851380054673698097e-05
0.000000000000000000e+00
0.000000000000000000e+00
0.000000000000000000e+00
0.000000000000000000e+00
0.000000000000000000e+00
0.000000000000000000e+00
0.000000000000000000e+00
0.000000000000000000e+00
0.000000000000000000e+00
0.000000000000000000e+00
0.000000000000000000e+00
0.000000000000000000e+00
0.000000000000000000e+00
0.000000000000000000e+00
0.000000000000000000e+00
0.000000000000000000e+00
0.000000000000000000e+00
0.000000000000000000e+00
0.000000000000000000e+00
5.120861653942518181e-04
0.000000000000000000e+00
7.304356080217970363e-05
0.000000000000000000e+00
0.000000000000000000e+00
9.443320787236445847e-06
1.706812243023039588e-05
8.093037076321374975e-04
0.000000000000000000e+00
6.257689865734908331e-04
4.281916198764221856e-04
0.000000000000000000e+00
1.783675365623691562e-04
6.151748641896259088e-04
4.347988423711349025e-05
0.000000000000000000e+00
0.000000000000000000e+00
0.000000000000000000e+00
0.000000000000000000e+00
1.108139231907841790e-04
0.000000000000000000e+00
0.000000000000000000e+00
0.000000000000000000e+00
0.000000000000000000e+00
2.311083125837722855e-04
0.000000000000000000e+00
0.000000000000000000e+00
0.000000000000000000e+00
1.774457012866704239e-04
0.000000000000000000e+00
0.000000000000000000e+00
0.000000000000000000e+00
0.000000000000000000e+00
0.000000000000000000e+00
7.383774222402394582e-05
0.000000000000000000e+00
0.000000000000000000e+00
0.000000000000000000e+00
0.000000000000000000e+00
0.000000000000000000e+00
0.000000000000000000e+00
0.000000000000000000e+00
0.000000000000000000e+00
0.000000000000000000e+00
0.000000000000000000e+00
8.374025111201491376e-04
