3.628786449895380066e-05
0.000000000000000000e+00
0.000000000000000000e+00
0.000000000000000000e+00
0.000000000000000000e+00
0.000000000000000000e+00
0.000000000000000000e+00
0.000000000000000000e+00
0.000000000000000000e+00
2.404305660616435226e-04
0.000000000000000000e+00
1.063303064863576654e-02
6.993440698609018581e-05
3.718814608071989002e-03
0.000000000000000000e+00
0.000000000000000000e+00
0.000000000000000000e+00
0.000000000000000000e+00
2.537502403481077507e-04
6.726266082071477589e-06
0.000000000000000000e+00
0.000000000000000000e+00
0.000000000000000000e+00
0.000000000000000000e+00
1.137922236524244451e-04
0.000000000000000000e+00
0.000000000000000000e+00
0.000000000000000000e+00
0.000000000000000000e+00
0.000000000000000000e+00
4.214167146618002298e-06
0.000000000000000000e+00
8.449427392352140687e-02
6.531916932893518048e-05
5.471506829640049074e-05
0.000000000000000000e+00
0.000000000000000000e+00
0.000000000000000000e+00
0.000000000000000000e+00
5.841205320955977429e-03
0.000000000000000000e+00
0.000000000000000000e+00
0.000000000000000000e+00
0.000000000000000000e+00
2.073509420704525587e-06
3.565338875110081766e-04
2.769454261337693968e-04
3.795162294423072113e-04
0.000000000000000000e+00
1.372694211101425959e-05
6.819929644453732261e-05
0.000000000000000000e+00
0.000000000000000000e+00
0.000000000000000000e+00
0.000000000000000000e+00
0.000000000000000000e+00
1.855090055303437605e-03
1.453595287219937738e-04
0.000000000000000000e+00
0.000000000000000000e+00
6.804078965883476795e-04
0.000000000000000000e+00
0.000000000000000000e+00
0.000000000000000000e+00
0.000000000000000000e+00
0.000000000000000000e+00
0.000000000000000000e+00
0.000000000000000000e+00
3.786864562833725618e-04
1.627722430192450522e-03
0.000000000000000000e+00
0.000000000000000000e+00
0.000000000000000000e+00
9.729083584275882345e-07
0.000000000000000000e+00
0.000000000000000000e+00
1.012280670356041190e-04
0.000000000000000000e+00
0.000000000000000000e+00
0.000000000000000000e+00
0.000000000000000000e+00
0.000000000000000000e+00
0.000000000000000000e+00
0.000000000000000000e+00
1.749653795028053638e-04
0.000000000000000000e+00
0.000000000000000000e+00
3.538643996370424515e-05
0.000000000000000000e+00
5.096257779249226811e-05
0.000000000000000000e+00
0.000000000000000000e+00
0.000000000000000000e+00
1.744273520820347530e-04
8.432173856905840449e-05
0.000000000000000000e+00
1.007366359117506122e-03
3.902089518172796172e-05
0.000000000000000000e+00
8.304623719336331079e-04
0.000000000000000000e+00
0.000000000000000000e+00
0.000000000000000000e+00
0.000000000000000000e+00
0.000000000000000000e+00
0.000000000000000000e+00
0.000000000000000000e+00
0.000000000000000000e+00
3.724634618688783361e-05
2.274980194971683767e-06
0.000000000000000000e+00
1.867344870513348637e-03
0.000000000000000000e+00
0.000000000000000000e+00
7.520188940011718066e-05
0.000000000000000000e+00
0.000000000000000000e+00
0.000000000000000000e+00
0.000000000000000000e+00
0.000000000000000000e+00
0.000000000000000000e+00
1.670001467669075292e-03
0.000000000000000000e+00
0.000000000000000000e+00
2.148782373825624441e-04
2.378814956243587367e-02
0.000000000000000000e+00
0.000000000000000000e+00
0.000000000000000000e+00
0.000000000000000000e+00
0.000000000000000000e+00
0.000000000000000000e+00
0.000000000000000000e+00
0.000000000000000000e+00
0.000000000000000000e+00
0.000000000000000000e+00
0.000000000000000000e+00
0.000000000000000000e+00
1.515728622897064535e-04
4.675024708731585296e-06
0.000000000000000000e+00
0.000000000000000000e+00
0.000000000000000000e+00
0.000000000000000000e+00
0.000000000000000000e+00
0.000000000000000000e+00
9.958194986752635729e-05
0.000000000000000000e+00
1.731349910972072598e-03
4.120860441328136091e-06
0.000000000000000000e+00
0.000000000000000000e+00
0.000000000000000000e+00
0.000000000000000000e+00
0.000000000000000000e+00
0.000000000000000000e+00
0.000000000000000000e+00
0.000000000000000000e+00
0.000000000000000000e+00
0.000000000000000000e+00
0.000000000000000000e+00
0.000000000000000000e+00
0.000000000000000000e+00
0.000000000000000000e+00
0.000000000000000000e+00
0.000000000000000000e+00
0.000000000000000000e+00
0.000000000000000000e+00
0.000000000000000000e+00
1.525422461666530111e-04
0.000000000000000000e+00
3.293105709345638707e-05
0.000000000000000000e+00
0.000000000000000000e+00
4.565108298147276791e-05
5.270629788004261892e-07
1.585184142283296588e-04
0.000000000000000000e+00
2.675835174388345734e-06
4.530821693649778764e-04
0.000000000000000000e+00
2.411001430004214329e-04
6.198240038576070983e-04
5.682308239229525820e-05
0.000000000000000000e+00
0.000000000000000000e+00
0.000000000000000000e+00
0.000000000000000000e+00
3.000095256038791121e-04
0.000000000000000000e+00
0.000000000000000000e+00
0.000000000000000000e+00
0.000000000000000000e+00
2.066856070608448747e-05
0.000000000000000000e+00
0.000000000000000000e+00
0.000000000000000000e+00
1.286741008802000624e-04
0.000000000000000000e+00
0.000000000000000000e+00
0.000000000000000000e+00
0.000000000000000000e+00
0.000000000000000000e+00
2.013162144996833979e-05
0.000000000000000000e+00
0.000000000000000000e+00
0.000000000000000000e+00
0.000000000000000000e+00
0.000000000000000000e+00
0.000000000000000000e+00
0.000000000000000000e+00
0.000000000000000000e+00
0.000000000000000000e+00
0.000000000000000000e+00
4.966158456504727280e-03
