1.611189106223372179e-04
0.000000000000000000e+00
0.000000000000000000e+00
0.000000000000000000e+00
0.000000000000000000e+00
0.000000000000000000e+00
0.000000000000000000e+00
0.000000000000000000e+00
0.000000000000000000e+00
4.747521269566457009e-05
0.000000000000000000e+00
2.582480579899482445e-03
7.026790260186131798e-05
5.940385824117292704e-04
0.000000000000000000e+00
0.000000000000000000e+00
0.000000000000000000e+00
0.000000000000000000e+00
2.189744248826110086e-04
2.770402650415641459e-06
0.000000000000000000e+00
0.000000000000000000e+00
0.000000000000000000e+00
0.000000000000000000e+00
1.499033422635842323e-04
0.000000000000000000e+00
0.000000000000000000e+00
0.000000000000000000e+00
0.000000000000000000e+00
0.000000000000000000e+00
1.946938156837963122e-05
0.000000000000000000e+00
5.209763257329456942e-02
2.656840726699356337e-04
9.612842293093486028e-05
0.000000000000000000e+00
0.000000000000000000e+00
0.000000000000000000e+00
0.000000000000000000e+00
1.534663571762421262e-02
0.000000000000000000e+00
0.000000000000000000e+00
0.000000000000000000e+00
0.000000000000000000e+00
2.216579760301472159e-03
3.686909536555284294e-04
4.811142591416808346e-08
2.817213742968662014e-04
0.000000000000000000e+00
5.199515044141798275e-05
1.076261162334545723e-04
0.000000000000000000e+00
0.000000000000000000e+00
0.000000000000000000e+00
0.000000000000000000e+00
0.000000000000000000e+00
6.444273340178594748e-05
4.053646799114335409e-04
0.000000000000000000e+00
0.000000000000000000e+00
3.184336932355365398e-04
0.000000000000000000e+00
0.000000000000000000e+00
0.000000000000000000e+00
0.000000000000000000e+00
0.000000000000000000e+00
0.000000000000000000e+00
0.000000000000000000e+00
8.491660483948546868e-04
6.294229017591615157e-04
0.000000000000000000e+00
0.000000000000000000e+00
0.000000000000000000e+00
1.957651446010838265e-04
0.000000000000000000e+00
0.000000000000000000e+00
8.162929728043835805e-05
0.000000000000000000e+00
0.000000000000000000e+00
0.000000000000000000e+00
0.000000000000000000e+00
0.000000000000000000e+00
0.000000000000000000e+00
0.000000000000000000e+00
1.432719477013395526e-01
0.000000000000000000e+00
0.000000000000000000e+00
1.264433903981634553e-07
0.000000000000000000e+00
1.710940421749220820e-03
0.000000000000000000e+00
0.000000000000000000e+00
0.000000000000000000e+00
6.404242943189773990e-04
1.945132308542459496e-05
0.000000000000000000e+00
2.913531356428727482e-04
1.002321490751869264e-04
0.000000000000000000e+00
6.077989229731148036e-05
0.000000000000000000e+00
0.000000000000000000e+00
0.000000000000000000e+00
0.000000000000000000e+00
0.000000000000000000e+00
0.000000000000000000e+00
0.000000000000000000e+00
0.000000000000000000e+00
4.745828284920039958e-05
7.481673969879561181e-02
0.000000000000000000e+00
1.112460753854480370e-03
0.000000000000000000e+00
0.000000000000000000e+00
7.155119612973535686e-05
0.000000000000000000e+00
0.000000000000000000e+00
0.000000000000000000e+00
0.000000000000000000e+00
0.000000000000000000e+00
0.000000000000000000e+00
9.493842932334963522e-04
0.000000000000000000e+00
0.000000000000000000e+00
2.983048244434838010e-04
3.734548425852073084e-02
0.000000000000000000e+00
0.000000000000000000e+00
0.000000000000000000e+00
0.000000000000000000e+00
0.000000000000000000e+00
0.000000000000000000e+00
0.000000000000000000e+00
0.000000000000000000e+00
0.000000000000000000e+00
0.000000000000000000e+00
0.000000000000000000e+00
0.000000000000000000e+00
9.391172955188553998e-05
3.472020570685205860e-06
0.000000000000000000e+00
0.000000000000000000e+00
0.000000000000000000e+00
0.000000000000000000e+00
0.000000000000000000e+00
0.000000000000000000e+00
5.779599048594739994e-07
0.000000000000000000e+00
4.463272643023315510e-05
3.852925315826116932e-05
0.000000000000000000e+00
0.000000000000000000e+00
0.000000000000000000e+00
0.000000000000000000e+00
0.000000000000000000e+00
0.000000000000000000e+00
0.000000000000000000e+00
0.000000000000000000e+00
0.000000000000000000e+00
0.000000000000000000e+00
0.000000000000000000e+00
0.000000000000000000e+00
0.000000000000000000e+00
0.000000000000000000e+00
0.000000000000000000e+00
0.000000000000000000e+00
0.000000000000000000e+00
0.000000000000000000e+00
0.000000000000000000e+00
4.751873579655304432e-04
0.000000000000000000e+00
9.268009238521849420e-05
0.000000000000000000e+00
0.000000000000000000e+00
3.806083571935497072e-05
6.098503268277074355e-06
8.042157854133839042e-04
0.000000000000000000e+00
7.752810178366200452e-04
5.019339432899211969e-04
0.000000000000000000e+00
1.958319648310971942e-04
4.040052148702061871e-04
8.807893487629861080e-06
0.000000000000000000e+00
0.000000000000000000e+00
0.000000000000000000e+00
0.000000000000000000e+00
5.014191772133109792e-05
0.000000000000000000e+00
0.000000000000000000e+00
0.000000000000000000e+00
0.000000000000000000e+00
3.646492167938904819e-05
0.000000000000000000e+00
0.000000000000000000e+00
0.000000000000000000e+00
1.803968404439074602e-04
0.000000000000000000e+00
0.000000000000000000e+00
0.000000000000000000e+00
0.000000000000000000e+00
0.000000000000000000e+00
3.484264977916323106e-05
0.000000000000000000e+00
0.000000000000000000e+00
0.000000000000000000e+00
0.000000000000000000e+00
0.000000000000000000e+00
0.000000000000000000e+00
0.000000000000000000e+00
0.000000000000000000e+00
0.000000000000000000e+00
0.000000000000000000e+00
2.698048749916646342e-03
