9.010799119518308337e-05
0.000000000000000000e+00
0.000000000000000000e+00
0.000000000000000000e+00
0.000000000000000000e+00
0.000000000000000000e+00
0.000000000000000000e+00
0.000000000000000000e+00
0.000000000000000000e+00
5.722993188546554309e-06
0.000000000000000000e+00
3.105676706442041506e-03
7.288081019448105092e-05
8.956931123928354131e-04
0.000000000000000000e+00
0.000000000000000000e+00
0.000000000000000000e+00
0.000000000000000000e+00
3.151383574518369732e-04
3.031291655292885700e-05
0.000000000000000000e+00
0.000000000000000000e+00
0.000000000000000000e+00
0.000000000000000000e+00
2.309784752793725361e-04
0.000000000000000000e+00
0.000000000000000000e+00
0.000000000000000000e+00
0.000000000000000000e+00
0.000000000000000000e+00
6.596960944481239711e-05
0.000000000000000000e+00
5.763466705043247124e-02
3.263707315040265491e-04
1.163094152602150495e-04
0.000000000000000000e+00
0.000000000000000000e+00
0.000000000000000000e+00
0.000000000000000000e+00
1.590843948785142584e-02
0.000000000000000000e+00
0.000000000000000000e+00
0.000000000000000000e+00
0.000000000000000000e+00
3.090078245935907065e-03
3.223798792308055911e-04
4.173650145637795213e-08
2.902043510516165567e-04
0.000000000000000000e+00
3.562855884152891172e-05
1.379336274187388121e-04
0.000000000000000000e+00
0.000000000000000000e+00
0.000000000000000000e+00
0.000000000000000000e+00
0.000000000000000000e+00
9.254876823432196440e-05
1.132513682101380943e-03
0.000000000000000000e+00
0.000000000000000000e+00
2.262035214235785384e-04
0.000000000000000000e+00
0.000000000000000000e+00
0.000000000000000000e+00
0.000000000000000000e+00
0.000000000000000000e+00
0.000000000000000000e+00
0.000000000000000000e+00
9.818533432684151911e-04
5.204830284450748246e-04
0.000000000000000000e+00
0.000000000000000000e+00
0.000000000000000000e+00
2.067841247930914193e-04
0.000000000000000000e+00
0.000000000000000000e+00
1.066386142817018443e-04
0.000000000000000000e+00
0.000000000000000000e+00
0.000000000000000000e+00
0.000000000000000000e+00
0.000000000000000000e+00
0.000000000000000000e+00
0.000000000000000000e+00
5.780675061294229117e-04
0.000000000000000000e+00
0.000000000000000000e+00
1.740511225300631537e-04
0.000000000000000000e+00
1.814685921192198603e-03
0.000000000000000000e+00
0.000000000000000000e+00
0.000000000000000000e+00
8.838752082042291430e-04
1.709781148267584754e-05
0.000000000000000000e+00
2.864879697882222035e-04
1.199852665729077473e-04
0.000000000000000000e+00
3.400866816195442506e-04
0.000000000000000000e+00
0.000000000000000000e+00
0.000000000000000000e+00
0.000000000000000000e+00
0.000000000000000000e+00
0.000000000000000000e+00
0.000000000000000000e+00
0.000000000000000000e+00
5.897858380594795795e-05
4.507803659711631140e-03
0.000000000000000000e+00
7.255850339445845017e-04
0.000000000000000000e+00
0.000000000000000000e+00
7.052861279944305209e-05
0.000000000000000000e+00
0.000000000000000000e+00
0.000000000000000000e+00
0.000000000000000000e+00
0.000000000000000000e+00
0.000000000000000000e+00
1.974740455803517626e-05
0.000000000000000000e+00
0.000000000000000000e+00
2.653017377836571519e-04
3.745945660598769267e-02
0.000000000000000000e+00
0.000000000000000000e+00
0.000000000000000000e+00
0.000000000000000000e+00
0.000000000000000000e+00
0.000000000000000000e+00
0.000000000000000000e+00
0.000000000000000000e+00
0.000000000000000000e+00
0.000000000000000000e+00
0.000000000000000000e+00
0.000000000000000000e+00
5.234833630510090172e-05
5.318013639864247175e-07
0.000000000000000000e+00
0.000000000000000000e+00
0.000000000000000000e+00
0.000000000000000000e+00
0.000000000000000000e+00
0.000000000000000000e+00
2.443905649721583626e-06
0.000000000000000000e+00
5.422267099589265501e-06
3.706088086690259173e-06
0.000000000000000000e+00
0.000000000000000000e+00
0.000000000000000000e+00
0.000000000000000000e+00
0.000000000000000000e+00
0.000000000000000000e+00
0.000000000000000000e+00
0.000000000000000000e+00
0.000000000000000000e+00
0.000000000000000000e+00
0.000000000000000000e+00
0.000000000000000000e+00
0.000000000000000000e+00
0.000000000000000000e+00
0.000000000000000000e+00
0.000000000000000000e+00
0.000000000000000000e+00
0.000000000000000000e+00
0.000000000000000000e+00
5.798077615412127947e-04
0.000000000000000000e+00
5.283062019823714139e-05
0.000000000000000000e+00
0.000000000000000000e+00
3.806009064830909503e-05
2.431507733547933592e-05
5.120014961609305843e-04
0.000000000000000000e+00
9.994293017599419331e-04
5.940093630204911065e-04
0.000000000000000000e+00
1.783672974023203220e-04
4.349788950635268578e-04
3.182718013739049682e-05
0.000000000000000000e+00
0.000000000000000000e+00
0.000000000000000000e+00
0.000000000000000000e+00
1.730067530172830397e-04
0.000000000000000000e+00
0.000000000000000000e+00
0.000000000000000000e+00
0.000000000000000000e+00
5.012851027933174733e-05
0.000000000000000000e+00
0.000000000000000000e+00
0.000000000000000000e+00
1.887353084448393191e-04
0.000000000000000000e+00
0.000000000000000000e+00
0.000000000000000000e+00
0.000000000000000000e+00
0.000000000000000000e+00
7.460186854854005507e-05
0.000000000000000000e+00
0.000000000000000000e+00
0.000000000000000000e+00
0.000000000000000000e+00
0.000000000000000000e+00
0.000000000000000000e+00
0.000000000000000000e+00
0.000000000000000000e+00
0.000000000000000000e+00
0.000000000000000000e+00
9.002105602622671645e-04
