5.348053235549980744e-04
0.000000000000000000e+00
0.000000000000000000e+00
0.000000000000000000e+00
0.000000000000000000e+00
0.000000000000000000e+00
0.000000000000000000e+00
0.000000000000000000e+00
0.000000000000000000e+00
3.429701556069068131e-04
0.000000000000000000e+00
4.389371548848835722e-03
1.435493242787705013e-03
9.295118649652830446e-04
0.000000000000000000e+00
0.000000000000000000e+00
0.000000000000000000e+00
0.000000000000000000e+00
3.789121877603808856e-04
1.117913091175830450e-03
0.000000000000000000e+00
0.000000000000000000e+00
0.000000000000000000e+00
0.000000000000000000e+00
9.410288866365601002e-05
0.000000000000000000e+00
0.000000000000000000e+00
0.000000000000000000e+00
0.000000000000000000e+00
0.000000000000000000e+00
1.602204111240849109e-05
0.000000000000000000e+00
5.645298836190156683e-02
9.989602651335374294e-04
7.707243838601326742e-04
0.000000000000000000e+00
0.000000000000000000e+00
0.000000000000000000e+00
0.000000000000000000e+00
7.228009108749075366e-03
0.000000000000000000e+00
0.000000000000000000e+00
0.000000000000000000e+00
0.000000000000000000e+00
2.600814408607614770e-04
1.567952558415821023e-03
6.779460120690813203e-04
2.236142286668341833e-03
0.000000000000000000e+00
1.091949944385839973e-03
1.318727238723577154e-03
0.000000000000000000e+00
0.000000000000000000e+00
0.000000000000000000e+00
0.000000000000000000e+00
0.000000000000000000e+00
5.668659570538353939e-05
9.205279932944540437e-04
0.000000000000000000e+00
0.000000000000000000e+00
1.539004888619423988e-03
0.000000000000000000e+00
0.000000000000000000e+00
0.000000000000000000e+00
0.000000000000000000e+00
0.000000000000000000e+00
0.000000000000000000e+00
0.000000000000000000e+00
2.663106679920811199e-05
8.832963982655570430e-06
0.000000000000000000e+00
0.000000000000000000e+00
0.000000000000000000e+00
2.437096887540727251e-03
0.000000000000000000e+00
0.000000000000000000e+00
1.172298577874063058e-03
0.000000000000000000e+00
0.000000000000000000e+00
0.000000000000000000e+00
0.000000000000000000e+00
0.000000000000000000e+00
0.000000000000000000e+00
0.000000000000000000e+00
3.769683006064560114e-03
0.000000000000000000e+00
0.000000000000000000e+00
4.818304201917003224e-04
0.000000000000000000e+00
7.026308810582330847e-04
0.000000000000000000e+00
0.000000000000000000e+00
0.000000000000000000e+00
1.590478330524226411e-04
2.082696254789187073e-04
0.000000000000000000e+00
3.131923033620714176e-04
5.284155177005771383e-04
0.000000000000000000e+00
1.743388618054042853e-04
0.000000000000000000e+00
0.000000000000000000e+00
0.000000000000000000e+00
0.000000000000000000e+00
0.000000000000000000e+00
0.000000000000000000e+00
0.000000000000000000e+00
0.000000000000000000e+00
1.003515649408597742e-04
9.320870843967718066e-05
0.000000000000000000e+00
4.853178554606924389e-04
0.000000000000000000e+00
0.000000000000000000e+00
4.418059088554466608e-04
0.000000000000000000e+00
0.000000000000000000e+00
0.000000000000000000e+00
0.000000000000000000e+00
0.000000000000000000e+00
0.000000000000000000e+00
3.591973617651366833e-04
0.000000000000000000e+00
0.000000000000000000e+00
1.957839341618267809e-03
3.858653776111233696e-02
0.000000000000000000e+00
0.000000000000000000e+00
0.000000000000000000e+00
0.000000000000000000e+00
0.000000000000000000e+00
0.000000000000000000e+00
0.000000000000000000e+00
0.000000000000000000e+00
0.000000000000000000e+00
0.000000000000000000e+00
0.000000000000000000e+00
0.000000000000000000e+00
1.149123263234396678e-03
4.942493213793765114e-05
0.000000000000000000e+00
0.000000000000000000e+00
0.000000000000000000e+00
0.000000000000000000e+00
0.000000000000000000e+00
0.000000000000000000e+00
1.123808351687988205e-03
0.000000000000000000e+00
2.610944927041026936e-05
2.145203536467747869e-04
0.000000000000000000e+00
0.000000000000000000e+00
0.000000000000000000e+00
0.000000000000000000e+00
0.000000000000000000e+00
0.000000000000000000e+00
0.000000000000000000e+00
0.000000000000000000e+00
0.000000000000000000e+00
0.000000000000000000e+00
0.000000000000000000e+00
0.000000000000000000e+00
0.000000000000000000e+00
0.000000000000000000e+00
0.000000000000000000e+00
0.000000000000000000e+00
0.000000000000000000e+00
0.000000000000000000e+00
0.000000000000000000e+00
1.113281790289495123e-03
0.000000000000000000e+00
1.180702502040221948e-03
0.000000000000000000e+00
0.000000000000000000e+00
8.761341695032005220e-04
7.960716598747712548e-07
2.272273818341587672e-07
0.000000000000000000e+00
4.228357361568948485e-06
4.323353330378681709e-04
0.000000000000000000e+00
2.464927818889466656e-03
2.855166909387815938e-04
1.861592466593651107e-03
0.000000000000000000e+00
0.000000000000000000e+00
0.000000000000000000e+00
0.000000000000000000e+00
9.069218237106887277e-04
0.000000000000000000e+00
0.000000000000000000e+00
0.000000000000000000e+00
0.000000000000000000e+00
1.293660083089191022e-05
0.000000000000000000e+00
0.000000000000000000e+00
0.000000000000000000e+00
7.826345710403293497e-05
0.000000000000000000e+00
0.000000000000000000e+00
0.000000000000000000e+00
0.000000000000000000e+00
0.000000000000000000e+00
1.252138649441824399e-03
0.000000000000000000e+00
0.000000000000000000e+00
0.000000000000000000e+00
0.000000000000000000e+00
0.000000000000000000e+00
0.000000000000000000e+00
0.000000000000000000e+00
0.000000000000000000e+00
0.000000000000000000e+00
0.000000000000000000e+00
9.162270060708596706e-04
