2.057095921819723685e-04
0.000000000000000000e+00
0.000000000000000000e+00
0.000000000000000000e+00
0.000000000000000000e+00
0.000000000000000000e+00
0.000000000000000000e+00
0.000000000000000000e+00
0.000000000000000000e+00
1.273882357753567146e-06
0.000000000000000000e+00
3.105675426730785706e-03
7.673566614230238711e-05
1.442330457907648345e-03
0.000000000000000000e+00
0.000000000000000000e+00
0.000000000000000000e+00
0.000000000000000000e+00
3.170121046009722929e-06
4.134284144125025912e-05
0.000000000000000000e+00
0.000000000000000000e+00
0.000000000000000000e+00
0.000000000000000000e+00
8.790075839671887756e-06
0.000000000000000000e+00
0.000000000000000000e+00
0.000000000000000000e+00
0.000000000000000000e+00
0.000000000000000000e+00
1.909539751817254321e-07
0.000000000000000000e+00
1.033156757290962929e-01
9.993063196709958272e-05
2.523258415103329203e-06
0.000000000000000000e+00
0.000000000000000000e+00
0.000000000000000000e+00
0.000000000000000000e+00
5.305603691716305643e-03
0.000000000000000000e+00
0.000000000000000000e+00
0.000000000000000000e+00
0.000000000000000000e+00
4.879517250163744826e-05
4.464844688368779335e-04
1.100169565063128602e-04
2.199726776791593444e-04
0.000000000000000000e+00
2.044501186370160503e-08
7.795616009387799786e-05
0.000000000000000000e+00
0.000000000000000000e+00
0.000000000000000000e+00
0.000000000000000000e+00
0.000000000000000000e+00
1.034508085300845119e-03
1.975516241353651281e-04
0.000000000000000000e+00
0.000000000000000000e+00
6.399529140253674931e-04
0.000000000000000000e+00
0.000000000000000000e+00
0.000000000000000000e+00
0.000000000000000000e+00
0.000000000000000000e+00
0.000000000000000000e+00
0.000000000000000000e+00
1.324292024246392409e-04
2.161215347109171994e-05
0.000000000000000000e+00
0.000000000000000000e+00
0.000000000000000000e+00
1.227294679939416920e-04
0.000000000000000000e+00
0.000000000000000000e+00
2.535389207659589117e-05
0.000000000000000000e+00
0.000000000000000000e+00
0.000000000000000000e+00
0.000000000000000000e+00
0.000000000000000000e+00
0.000000000000000000e+00
0.000000000000000000e+00
7.158257315932640627e-04
0.000000000000000000e+00
0.000000000000000000e+00
4.700520915947941053e-05
0.000000000000000000e+00
2.957631509585046287e-05
0.000000000000000000e+00
0.000000000000000000e+00
0.000000000000000000e+00
2.524454179950289022e-05
5.919717745290287235e-07
0.000000000000000000e+00
4.696233337435051758e-04
1.054675576678461109e-05
0.000000000000000000e+00
2.219962728085078603e-05
0.000000000000000000e+00
0.000000000000000000e+00
0.000000000000000000e+00
0.000000000000000000e+00
0.000000000000000000e+00
0.000000000000000000e+00
0.000000000000000000e+00
0.000000000000000000e+00
6.956447597318592743e-05
7.481673986761357142e-02
0.000000000000000000e+00
1.608724572880729795e-03
0.000000000000000000e+00
0.000000000000000000e+00
9.216752826383125218e-05
0.000000000000000000e+00
0.000000000000000000e+00
0.000000000000000000e+00
0.000000000000000000e+00
0.000000000000000000e+00
0.000000000000000000e+00
1.840367167495973993e-03
0.000000000000000000e+00
0.000000000000000000e+00
2.701557552801721763e-04
2.152868650305884285e-02
0.000000000000000000e+00
0.000000000000000000e+00
0.000000000000000000e+00
0.000000000000000000e+00
0.000000000000000000e+00
0.000000000000000000e+00
0.000000000000000000e+00
0.000000000000000000e+00
0.000000000000000000e+00
0.000000000000000000e+00
0.000000000000000000e+00
0.000000000000000000e+00
9.777141581151709102e-05
9.273804716574521485e-07
0.000000000000000000e+00
0.000000000000000000e+00
0.000000000000000000e+00
0.000000000000000000e+00
0.000000000000000000e+00
0.000000000000000000e+00
7.378831454168908728e-05
0.000000000000000000e+00
2.151038702832293287e-05
2.330495936791889707e-05
0.000000000000000000e+00
0.000000000000000000e+00
0.000000000000000000e+00
0.000000000000000000e+00
0.000000000000000000e+00
0.000000000000000000e+00
0.000000000000000000e+00
0.000000000000000000e+00
0.000000000000000000e+00
0.000000000000000000e+00
0.000000000000000000e+00
0.000000000000000000e+00
0.000000000000000000e+00
0.000000000000000000e+00
0.000000000000000000e+00
0.000000000000000000e+00
0.000000000000000000e+00
0.000000000000000000e+00
0.000000000000000000e+00
2.636989616880968681e-04
0.000000000000000000e+00
1.797713338149052262e-04
0.000000000000000000e+00
0.000000000000000000e+00
6.001655820696534738e-05
5.022763453260724250e-05
1.587459665847199637e-04
0.000000000000000000e+00
2.092172727602021058e-04
2.779934765454398615e-04
0.000000000000000000e+00
7.384209193349696365e-05
1.089442437695229164e-03
1.281923106328628111e-04
0.000000000000000000e+00
0.000000000000000000e+00
0.000000000000000000e+00
0.000000000000000000e+00
8.754273997489335458e-05
0.000000000000000000e+00
0.000000000000000000e+00
0.000000000000000000e+00
0.000000000000000000e+00
9.242204615429592445e-05
0.000000000000000000e+00
0.000000000000000000e+00
0.000000000000000000e+00
1.662002838151431549e-04
0.000000000000000000e+00
0.000000000000000000e+00
0.000000000000000000e+00
0.000000000000000000e+00
0.000000000000000000e+00
4.559175974106244479e-05
0.000000000000000000e+00
0.000000000000000000e+00
0.000000000000000000e+00
0.000000000000000000e+00
0.000000000000000000e+00
0.000000000000000000e+00
0.000000000000000000e+00
0.000000000000000000e+00
0.000000000000000000e+00
0.000000000000000000e+00
9.171034854409331697e-04
