1.158594289416232177e-04
0.000000000000000000e+00
0.000000000000000000e+00
0.000000000000000000e+00
0.000000000000000000e+00
0.000000000000000000e+00
0.000000000000000000e+00
0.000000000000000000e+00
0.000000000000000000e+00
4.089094097811772265e-06
0.000000000000000000e+00
4.377738386600267366e-03
8.109809991769747648e-05
1.001011551761099675e-04
0.000000000000000000e+00
0.000000000000000000e+00
0.000000000000000000e+00
0.000000000000000000e+00
2.881396257271445511e-04
1.131484134069309159e-05
0.000000000000000000e+00
0.000000000000000000e+00
0.000000000000000000e+00
0.000000000000000000e+00
2.580664921434193252e-04
0.000000000000000000e+00
0.000000000000000000e+00
0.000000000000000000e+00
0.000000000000000000e+00
0.000000000000000000e+00
1.528609672510142906e-07
0.000000000000000000e+00
5.694189872094238686e-02
1.788949278690991256e-04
8.764773249856853802e-05
0.000000000000000000e+00
0.000000000000000000e+00
0.000000000000000000e+00
0.000000000000000000e+00
1.534659214909440787e-02
0.000000000000000000e+00
0.000000000000000000e+00
0.000000000000000000e+00
0.000000000000000000e+00
2.216598013232398863e-03
2.658037634711805388e-04
2.324449914174314449e-06
3.175778705286003622e-04
0.000000000000000000e+00
4.346596165912438697e-05
1.426571847577095653e-04
0.000000000000000000e+00
0.000000000000000000e+00
0.000000000000000000e+00
0.000000000000000000e+00
0.000000000000000000e+00
6.789420892732603936e-05
1.266769735589490849e-03
0.000000000000000000e+00
0.000000000000000000e+00
4.381855389864148598e-04
0.000000000000000000e+00
0.000000000000000000e+00
0.000000000000000000e+00
0.000000000000000000e+00
0.000000000000000000e+00
0.000000000000000000e+00
0.000000000000000000e+00
1.147780639873195166e-03
4.220932880111473331e-04
0.000000000000000000e+00
0.000000000000000000e+00
0.000000000000000000e+00
3.935161568603014995e-04
0.000000000000000000e+00
0.000000000000000000e+00
3.854276839520395570e-05
0.000000000000000000e+00
0.000000000000000000e+00
0.000000000000000000e+00
0.000000000000000000e+00
0.000000000000000000e+00
0.000000000000000000e+00
0.000000000000000000e+00
3.063336301962274466e-04
0.000000000000000000e+00
0.000000000000000000e+00
3.627021783921767473e-04
0.000000000000000000e+00
1.799646811329481044e-03
0.000000000000000000e+00
0.000000000000000000e+00
0.000000000000000000e+00
6.953767890226650664e-04
1.438587548170205572e-06
0.000000000000000000e+00
4.451863253403707220e-04
8.436814021124154563e-05
0.000000000000000000e+00
4.685383861802224766e-05
0.000000000000000000e+00
0.000000000000000000e+00
0.000000000000000000e+00
0.000000000000000000e+00
0.000000000000000000e+00
0.000000000000000000e+00
0.000000000000000000e+00
0.000000000000000000e+00
6.940471009219695839e-05
7.481674010489085258e-02
0.000000000000000000e+00
1.074462554731735577e-03
0.000000000000000000e+00
0.000000000000000000e+00
8.654420802154390942e-05
0.000000000000000000e+00
0.000000000000000000e+00
0.000000000000000000e+00
0.000000000000000000e+00
0.000000000000000000e+00
0.000000000000000000e+00
6.940144774759038262e-04
0.000000000000000000e+00
0.000000000000000000e+00
3.508744604351843798e-04
3.745884489354898289e-02
0.000000000000000000e+00
0.000000000000000000e+00
0.000000000000000000e+00
0.000000000000000000e+00
0.000000000000000000e+00
0.000000000000000000e+00
0.000000000000000000e+00
0.000000000000000000e+00
0.000000000000000000e+00
0.000000000000000000e+00
0.000000000000000000e+00
0.000000000000000000e+00
7.545653525681147956e-05
1.168128405795231062e-06
0.000000000000000000e+00
0.000000000000000000e+00
0.000000000000000000e+00
0.000000000000000000e+00
0.000000000000000000e+00
0.000000000000000000e+00
7.691647684813705953e-07
0.000000000000000000e+00
1.514038895060776717e-06
1.045246062774685678e-05
0.000000000000000000e+00
0.000000000000000000e+00
0.000000000000000000e+00
0.000000000000000000e+00
0.000000000000000000e+00
0.000000000000000000e+00
0.000000000000000000e+00
0.000000000000000000e+00
0.000000000000000000e+00
0.000000000000000000e+00
0.000000000000000000e+00
0.000000000000000000e+00
0.000000000000000000e+00
0.000000000000000000e+00
0.000000000000000000e+00
0.000000000000000000e+00
0.000000000000000000e+00
0.000000000000000000e+00
0.000000000000000000e+00
5.413157786611650637e-04
0.000000000000000000e+00
1.148767531537560285e-05
0.000000000000000000e+00
0.000000000000000000e+00
5.039437827864518248e-05
5.714847370052203402e-05
5.294559226613983118e-04
0.000000000000000000e+00
9.594282844552438818e-04
5.862806720323648739e-04
0.000000000000000000e+00
5.321133172372738505e-04
4.415468304694140662e-04
3.962104852237752792e-05
0.000000000000000000e+00
0.000000000000000000e+00
0.000000000000000000e+00
0.000000000000000000e+00
1.236312829012856996e-04
0.000000000000000000e+00
0.000000000000000000e+00
0.000000000000000000e+00
0.000000000000000000e+00
9.273795092087004730e-04
0.000000000000000000e+00
0.000000000000000000e+00
0.000000000000000000e+00
1.187483554813745972e-04
0.000000000000000000e+00
0.000000000000000000e+00
0.000000000000000000e+00
0.000000000000000000e+00
0.000000000000000000e+00
5.955089545645700795e-05
0.000000000000000000e+00
0.000000000000000000e+00
0.000000000000000000e+00
0.000000000000000000e+00
0.000000000000000000e+00
0.000000000000000000e+00
0.000000000000000000e+00
0.000000000000000000e+00
0.000000000000000000e+00
0.000000000000000000e+00
2.867072107801834756e-03
