9.010796043347012293e-05
0.000000000000000000e+00
0.000000000000000000e+00
0.000000000000000000e+00
0.000000000000000000e+00
0.000000000000000000e+00
0.000000000000000000e+00
0.000000000000000000e+00
0.000000000000000000e+00
5.722880104975352209e-06
0.000000000000000000e+00
3.105676637885001253e-03
7.288080683197863574e-05
8.956930362232260563e-04
0.000000000000000000e+00
0.000000000000000000e+00
0.000000000000000000e+00
0.000000000000000000e+00
3.151383784790052611e-04
3.031292428473430421e-05
0.000000000000000000e+00
0.000000000000000000e+00
0.000000000000000000e+00
0.000000000000000000e+00
2.309770968337293974e-04
0.000000000000000000e+00
0.000000000000000000e+00
0.000000000000000000e+00
0.000000000000000000e+00
0.000000000000000000e+00
6.596976951631680196e-05
0.000000000000000000e+00
5.763462524584078012e-02
3.263706933140995796e-04
1.163087837574682665e-04
0.000000000000000000e+00
0.000000000000000000e+00
0.000000000000000000e+00
0.000000000000000000e+00
1.590843649023101006e-02
0.000000000000000000e+00
0.000000000000000000e+00
0.000000000000000000e+00
0.000000000000000000e+00
3.090084035218510720e-03
3.223798696457992998e-04
4.173324986226953192e-08
2.902073965401649161e-04
0.000000000000000000e+00
3.562843217187366452e-05
1.379335677632097061e-04
0.000000000000000000e+00
0.000000000000000000e+00
0.000000000000000000e+00
0.000000000000000000e+00
0.000000000000000000e+00
9.254879254468415938e-05
1.132513714134960074e-03
0.000000000000000000e+00
0.000000000000000000e+00
2.262036170732811336e-04
0.000000000000000000e+00
0.000000000000000000e+00
0.000000000000000000e+00
0.000000000000000000e+00
0.000000000000000000e+00
0.000000000000000000e+00
0.000000000000000000e+00
9.818512060122003022e-04
5.204830832757044445e-04
0.000000000000000000e+00
0.000000000000000000e+00
0.000000000000000000e+00
2.067841230156316210e-04
0.000000000000000000e+00
0.000000000000000000e+00
1.066386236505878824e-04
0.000000000000000000e+00
0.000000000000000000e+00
0.000000000000000000e+00
0.000000000000000000e+00
0.000000000000000000e+00
0.000000000000000000e+00
0.000000000000000000e+00
5.780675078772091807e-04
0.000000000000000000e+00
0.000000000000000000e+00
1.740511156015690254e-04
0.000000000000000000e+00
1.814698725431613657e-03
0.000000000000000000e+00
0.000000000000000000e+00
0.000000000000000000e+00
8.838751165251152982e-04
1.709780037941976985e-05
0.000000000000000000e+00
2.864879698306543529e-04
1.199846018614250052e-04
0.000000000000000000e+00
3.400870162786166231e-04
0.000000000000000000e+00
0.000000000000000000e+00
0.000000000000000000e+00
0.000000000000000000e+00
0.000000000000000000e+00
0.000000000000000000e+00
0.000000000000000000e+00
0.000000000000000000e+00
5.897864184429968398e-05
3.727372626055397258e-03
0.000000000000000000e+00
7.255851044587513813e-04
0.000000000000000000e+00
0.000000000000000000e+00
7.052869736941668897e-05
0.000000000000000000e+00
0.000000000000000000e+00
0.000000000000000000e+00
0.000000000000000000e+00
0.000000000000000000e+00
0.000000000000000000e+00
1.974740195386057596e-05
0.000000000000000000e+00
0.000000000000000000e+00
2.653010853634994314e-04
3.745945649996855475e-02
0.000000000000000000e+00
0.000000000000000000e+00
0.000000000000000000e+00
0.000000000000000000e+00
0.000000000000000000e+00
0.000000000000000000e+00
0.000000000000000000e+00
0.000000000000000000e+00
0.000000000000000000e+00
0.000000000000000000e+00
0.000000000000000000e+00
0.000000000000000000e+00
5.234870793881493179e-05
5.317996178442175398e-07
0.000000000000000000e+00
0.000000000000000000e+00
0.000000000000000000e+00
0.000000000000000000e+00
0.000000000000000000e+00
0.000000000000000000e+00
2.443907809100410956e-06
0.000000000000000000e+00
5.422355029650447807e-06
3.706167388738136751e-06
0.000000000000000000e+00
0.000000000000000000e+00
0.000000000000000000e+00
0.000000000000000000e+00
0.000000000000000000e+00
0.000000000000000000e+00
0.000000000000000000e+00
0.000000000000000000e+00
0.000000000000000000e+00
0.000000000000000000e+00
0.000000000000000000e+00
0.000000000000000000e+00
0.000000000000000000e+00
0.000000000000000000e+00
0.000000000000000000e+00
0.000000000000000000e+00
0.000000000000000000e+00
0.000000000000000000e+00
0.000000000000000000e+00
5.798076973031660551e-04
0.000000000000000000e+00
5.283062116138797869e-05
0.000000000000000000e+00
0.000000000000000000e+00
3.806060639209288201e-05
2.431507038486269593e-05
5.120008372080698828e-04
0.000000000000000000e+00
9.994292275564366137e-04
5.940067252715011724e-04
0.000000000000000000e+00
1.783672023643355700e-04
4.349787695854787670e-04
3.182720361581920459e-05
0.000000000000000000e+00
0.000000000000000000e+00
0.000000000000000000e+00
0.000000000000000000e+00
1.730067183547921987e-04
0.000000000000000000e+00
0.000000000000000000e+00
0.000000000000000000e+00
0.000000000000000000e+00
5.012851047219276041e-05
0.000000000000000000e+00
0.000000000000000000e+00
0.000000000000000000e+00
1.887353072983110800e-04
0.000000000000000000e+00
0.000000000000000000e+00
0.000000000000000000e+00
0.000000000000000000e+00
0.000000000000000000e+00
7.460194520507875641e-05
0.000000000000000000e+00
0.000000000000000000e+00
0.000000000000000000e+00
0.000000000000000000e+00
0.000000000000000000e+00
0.000000000000000000e+00
0.000000000000000000e+00
0.000000000000000000e+00
0.000000000000000000e+00
0.000000000000000000e+00
9.002112475447694500e-04
