5.348058132101727712e-04
0.000000000000000000e+00
0.000000000000000000e+00
0.000000000000000000e+00
0.000000000000000000e+00
0.000000000000000000e+00
0.000000000000000000e+00
0.000000000000000000e+00
0.000000000000000000e+00
3.429701725783582925e-04
0.000000000000000000e+00
4.389369933004073042e-03
1.435496414758434926e-03
9.295115628004084344e-04
0.000000000000000000e+00
0.000000000000000000e+00
0.000000000000000000e+00
0.000000000000000000e+00
3.789137024846903003e-04
1.117913587430258626e-03
0.000000000000000000e+00
0.000000000000000000e+00
0.000000000000000000e+00
0.000000000000000000e+00
9.410267799543800516e-05
0.000000000000000000e+00
0.000000000000000000e+00
0.000000000000000000e+00
0.000000000000000000e+00
0.000000000000000000e+00
1.602224270777783598e-05
0.000000000000000000e+00
5.645294509647732356e-02
9.989604559659194440e-04
7.707247788082043170e-04
0.000000000000000000e+00
0.000000000000000000e+00
0.000000000000000000e+00
0.000000000000000000e+00
7.227995526068137049e-03
0.000000000000000000e+00
0.000000000000000000e+00
0.000000000000000000e+00
0.000000000000000000e+00
2.600788789907018520e-04
1.567953546633804379e-03
6.779459175396285869e-04
1.266004578558063440e+04
0.000000000000000000e+00
1.091949534754664639e-03
1.318726846723183204e-03
0.000000000000000000e+00
0.000000000000000000e+00
0.000000000000000000e+00
0.000000000000000000e+00
0.000000000000000000e+00
5.668662680607192958e-05
9.205279503007438892e-04
0.000000000000000000e+00
0.000000000000000000e+00
1.569795860172450326e-03
0.000000000000000000e+00
0.000000000000000000e+00
0.000000000000000000e+00
0.000000000000000000e+00
0.000000000000000000e+00
0.000000000000000000e+00
0.000000000000000000e+00
2.663100690578643496e-05
8.833003755407236638e-06
0.000000000000000000e+00
0.000000000000000000e+00
0.000000000000000000e+00
2.437106381422603218e-03
0.000000000000000000e+00
0.000000000000000000e+00
1.172298845956014877e-03
0.000000000000000000e+00
0.000000000000000000e+00
0.000000000000000000e+00
0.000000000000000000e+00
0.000000000000000000e+00
0.000000000000000000e+00
0.000000000000000000e+00
3.769681614174405331e-03
0.000000000000000000e+00
0.000000000000000000e+00
4.818287419705547751e-04
0.000000000000000000e+00
7.026184471370604647e-04
0.000000000000000000e+00
0.000000000000000000e+00
0.000000000000000000e+00
1.590495559221701970e-04
2.082695579382641874e-04
0.000000000000000000e+00
3.131926222646172269e-04
5.284164757442273014e-04
0.000000000000000000e+00
1.743417401687755576e-04
0.000000000000000000e+00
0.000000000000000000e+00
0.000000000000000000e+00
0.000000000000000000e+00
0.000000000000000000e+00
0.000000000000000000e+00
0.000000000000000000e+00
0.000000000000000000e+00
1.003515610444409014e-04
9.320315244517855965e-05
0.000000000000000000e+00
4.853174013577569003e-04
0.000000000000000000e+00
0.000000000000000000e+00
4.418055739808501837e-04
0.000000000000000000e+00
0.000000000000000000e+00
0.000000000000000000e+00
0.000000000000000000e+00
0.000000000000000000e+00
0.000000000000000000e+00
3.591973423174532024e-04
0.000000000000000000e+00
0.000000000000000000e+00
1.957882967241758240e-03
3.858653805908707213e-02
0.000000000000000000e+00
0.000000000000000000e+00
0.000000000000000000e+00
0.000000000000000000e+00
0.000000000000000000e+00
0.000000000000000000e+00
0.000000000000000000e+00
0.000000000000000000e+00
0.000000000000000000e+00
0.000000000000000000e+00
0.000000000000000000e+00
0.000000000000000000e+00
1.149123202386954142e-03
4.942492751951645932e-05
0.000000000000000000e+00
0.000000000000000000e+00
0.000000000000000000e+00
0.000000000000000000e+00
0.000000000000000000e+00
0.000000000000000000e+00
1.123808317605129708e-03
0.000000000000000000e+00
2.610946505583206718e-05
2.145256715738586136e-04
0.000000000000000000e+00
0.000000000000000000e+00
0.000000000000000000e+00
0.000000000000000000e+00
0.000000000000000000e+00
0.000000000000000000e+00
0.000000000000000000e+00
0.000000000000000000e+00
0.000000000000000000e+00
0.000000000000000000e+00
0.000000000000000000e+00
0.000000000000000000e+00
0.000000000000000000e+00
0.000000000000000000e+00
0.000000000000000000e+00
0.000000000000000000e+00
0.000000000000000000e+00
0.000000000000000000e+00
0.000000000000000000e+00
1.113280788118776315e-03
0.000000000000000000e+00
1.180702557257784025e-03
0.000000000000000000e+00
0.000000000000000000e+00
8.761337362781926796e-04
7.960625170947211213e-07
2.272297383117883873e-07
0.000000000000000000e+00
4.228365115591076338e-06
4.323356080036807139e-04
0.000000000000000000e+00
2.464931682415142256e-03
2.855166382228087308e-04
1.861589713387322388e-03
0.000000000000000000e+00
0.000000000000000000e+00
0.000000000000000000e+00
0.000000000000000000e+00
9.069220447882501502e-04
0.000000000000000000e+00
0.000000000000000000e+00
0.000000000000000000e+00
0.000000000000000000e+00
1.293657568688831484e-05
0.000000000000000000e+00
0.000000000000000000e+00
0.000000000000000000e+00
7.826342637756071932e-05
0.000000000000000000e+00
0.000000000000000000e+00
0.000000000000000000e+00
0.000000000000000000e+00
0.000000000000000000e+00
1.252151543501828354e-03
0.000000000000000000e+00
0.000000000000000000e+00
0.000000000000000000e+00
0.000000000000000000e+00
0.000000000000000000e+00
0.000000000000000000e+00
0.000000000000000000e+00
0.000000000000000000e+00
0.000000000000000000e+00
0.000000000000000000e+00
4.528291171525785155e-03
