7.913608352725456680e-05
0.000000000000000000e+00
0.000000000000000000e+00
0.000000000000000000e+00
0.000000000000000000e+00
0.000000000000000000e+00
0.000000000000000000e+00
0.000000000000000000e+00
0.000000000000000000e+00
2.280953383973855159e-04
0.000000000000000000e+00
3.105676236316892627e-03
7.572530436736487312e-05
8.956931981092619913e-04
0.000000000000000000e+00
0.000000000000000000e+00
0.000000000000000000e+00
0.000000000000000000e+00
2.488273394354402194e-06
3.805548894510982390e-05
0.000000000000000000e+00
0.000000000000000000e+00
0.000000000000000000e+00
0.000000000000000000e+00
1.127477203287116090e-05
0.000000000000000000e+00
0.000000000000000000e+00
0.000000000000000000e+00
0.000000000000000000e+00
0.000000000000000000e+00
5.457190248583678775e-06
0.000000000000000000e+00
1.027703507816638828e-01
9.338420307674737955e-05
4.423202871814596873e-06
0.000000000000000000e+00
0.000000000000000000e+00
0.000000000000000000e+00
0.000000000000000000e+00
5.305373440180117563e-03
0.000000000000000000e+00
0.000000000000000000e+00
0.000000000000000000e+00
0.000000000000000000e+00
1.521572772551193015e-06
3.645473769270546772e-04
7.442265465228551963e-05
3.094959572132168022e-04
0.000000000000000000e+00
2.405428043665997504e-06
9.680299796150486911e-05
0.000000000000000000e+00
0.000000000000000000e+00
0.000000000000000000e+00
0.000000000000000000e+00
0.000000000000000000e+00
6.711522352199564148e-05
8.886931712699044786e-04
0.000000000000000000e+00
0.000000000000000000e+00
2.978725183298335595e-04
0.000000000000000000e+00
0.000000000000000000e+00
0.000000000000000000e+00
0.000000000000000000e+00
0.000000000000000000e+00
0.000000000000000000e+00
0.000000000000000000e+00
1.258137935412389615e-05
3.359401614584737192e-05
0.000000000000000000e+00
0.000000000000000000e+00
0.000000000000000000e+00
2.067841276061975313e-04
0.000000000000000000e+00
0.000000000000000000e+00
1.279919557270858658e-04
0.000000000000000000e+00
0.000000000000000000e+00
0.000000000000000000e+00
0.000000000000000000e+00
0.000000000000000000e+00
0.000000000000000000e+00
0.000000000000000000e+00
5.780674521170241914e-04
0.000000000000000000e+00
0.000000000000000000e+00
4.577606459218374414e-05
0.000000000000000000e+00
2.637348078870514664e-05
0.000000000000000000e+00
0.000000000000000000e+00
0.000000000000000000e+00
1.922465688081483574e-05
2.226910397542739046e-06
0.000000000000000000e+00
2.864879164316566184e-04
8.958282089212268989e-06
0.000000000000000000e+00
3.400863836804375964e-04
0.000000000000000000e+00
0.000000000000000000e+00
0.000000000000000000e+00
0.000000000000000000e+00
0.000000000000000000e+00
0.000000000000000000e+00
0.000000000000000000e+00
0.000000000000000000e+00
5.802015392461512284e-05
3.944712743110915262e-05
0.000000000000000000e+00
7.255850976176187947e-04
0.000000000000000000e+00
0.000000000000000000e+00
7.585714975215643774e-05
0.000000000000000000e+00
0.000000000000000000e+00
0.000000000000000000e+00
0.000000000000000000e+00
0.000000000000000000e+00
0.000000000000000000e+00
6.747142310064798733e-04
0.000000000000000000e+00
0.000000000000000000e+00
2.860914808642071048e-04
2.141100632310764112e-02
0.000000000000000000e+00
0.000000000000000000e+00
0.000000000000000000e+00
0.000000000000000000e+00
0.000000000000000000e+00
0.000000000000000000e+00
0.000000000000000000e+00
0.000000000000000000e+00
0.000000000000000000e+00
0.000000000000000000e+00
0.000000000000000000e+00
0.000000000000000000e+00
1.704907898330131500e-04
4.542088081054309592e-06
0.000000000000000000e+00
0.000000000000000000e+00
0.000000000000000000e+00
0.000000000000000000e+00
0.000000000000000000e+00
0.000000000000000000e+00
6.619967928691985277e-05
0.000000000000000000e+00
5.422299134401752157e-06
1.222573266685708475e-04
0.000000000000000000e+00
0.000000000000000000e+00
0.000000000000000000e+00
0.000000000000000000e+00
0.000000000000000000e+00
0.000000000000000000e+00
0.000000000000000000e+00
0.000000000000000000e+00
0.000000000000000000e+00
0.000000000000000000e+00
0.000000000000000000e+00
0.000000000000000000e+00
0.000000000000000000e+00
0.000000000000000000e+00
0.000000000000000000e+00
0.000000000000000000e+00
0.000000000000000000e+00
0.000000000000000000e+00
0.000000000000000000e+00
3.103035013935438171e-04
0.000000000000000000e+00
4.348203391319334062e-05
0.000000000000000000e+00
0.000000000000000000e+00
3.806023577663687350e-05
4.321948806014601242e-07
4.704384190316125746e-05
0.000000000000000000e+00
1.570882838038618380e-04
3.771065873972163072e-04
0.000000000000000000e+00
1.783673743828231048e-04
4.349788146880625983e-04
1.424235214552363059e-04
0.000000000000000000e+00
0.000000000000000000e+00
0.000000000000000000e+00
0.000000000000000000e+00
5.368719414750125371e-05
0.000000000000000000e+00
0.000000000000000000e+00
0.000000000000000000e+00
0.000000000000000000e+00
5.012855858639722807e-05
0.000000000000000000e+00
0.000000000000000000e+00
0.000000000000000000e+00
1.636610888504857835e-04
0.000000000000000000e+00
0.000000000000000000e+00
0.000000000000000000e+00
0.000000000000000000e+00
0.000000000000000000e+00
1.521221402339741977e-05
0.000000000000000000e+00
0.000000000000000000e+00
0.000000000000000000e+00
0.000000000000000000e+00
0.000000000000000000e+00
0.000000000000000000e+00
0.000000000000000000e+00
0.000000000000000000e+00
0.000000000000000000e+00
0.000000000000000000e+00
9.002110042349464230e-04
