5.348049509902549122e-04
0.000000000000000000e+00
0.000000000000000000e+00
0.000000000000000000e+00
0.000000000000000000e+00
0.000000000000000000e+00
0.000000000000000000e+00
0.000000000000000000e+00
0.000000000000000000e+00
3.429703237978742056e-04
0.000000000000000000e+00
4.389370641239581476e-03
1.435498473535319576e-03
9.295114048740036250e-04
0.000000000000000000e+00
0.000000000000000000e+00
0.000000000000000000e+00
0.000000000000000000e+00
3.789114613357676608e-04
1.117913769992133748e-03
0.000000000000000000e+00
0.000000000000000000e+00
0.000000000000000000e+00
0.000000000000000000e+00
9.410268347893358009e-05
0.000000000000000000e+00
0.000000000000000000e+00
0.000000000000000000e+00
0.000000000000000000e+00
0.000000000000000000e+00
1.602225325578022179e-05
0.000000000000000000e+00
5.645291747265460819e-02
9.989605210805037414e-04
7.707246361075210158e-04
0.000000000000000000e+00
0.000000000000000000e+00
0.000000000000000000e+00
0.000000000000000000e+00
7.228002486734061774e-03
0.000000000000000000e+00
0.000000000000000000e+00
0.000000000000000000e+00
0.000000000000000000e+00
2.600783507733068437e-04
5.208999095660636625e-02
6.779460106779631968e-04
2.236141843998869141e-03
0.000000000000000000e+00
1.031618559949483080e-02
1.318727270389554070e-03
0.000000000000000000e+00
0.000000000000000000e+00
0.000000000000000000e+00
0.000000000000000000e+00
0.000000000000000000e+00
5.668661678703892237e-05
9.205280686553799852e-04
0.000000000000000000e+00
0.000000000000000000e+00
1.569795919917868791e-03
0.000000000000000000e+00
0.000000000000000000e+00
0.000000000000000000e+00
0.000000000000000000e+00
0.000000000000000000e+00
0.000000000000000000e+00
0.000000000000000000e+00
2.663098939127899891e-05
8.833012398373819613e-06
0.000000000000000000e+00
0.000000000000000000e+00
0.000000000000000000e+00
2.437107006893366075e-03
0.000000000000000000e+00
0.000000000000000000e+00
1.172298242835842583e-03
0.000000000000000000e+00
0.000000000000000000e+00
0.000000000000000000e+00
0.000000000000000000e+00
0.000000000000000000e+00
0.000000000000000000e+00
0.000000000000000000e+00
3.769681686138527926e-03
0.000000000000000000e+00
0.000000000000000000e+00
4.818304356114113491e-04
0.000000000000000000e+00
7.026481410408169908e-04
0.000000000000000000e+00
0.000000000000000000e+00
0.000000000000000000e+00
1.590489808968578375e-04
2.082694920933097257e-04
0.000000000000000000e+00
3.131922047376326694e-04
5.284172660547190471e-04
0.000000000000000000e+00
1.743399995244538443e-04
0.000000000000000000e+00
0.000000000000000000e+00
0.000000000000000000e+00
0.000000000000000000e+00
0.000000000000000000e+00
0.000000000000000000e+00
0.000000000000000000e+00
0.000000000000000000e+00
1.003515362060374862e-04
9.320808637527431650e-05
0.000000000000000000e+00
4.853175426221396872e-04
0.000000000000000000e+00
0.000000000000000000e+00
4.418059813710653334e-04
0.000000000000000000e+00
0.000000000000000000e+00
0.000000000000000000e+00
0.000000000000000000e+00
0.000000000000000000e+00
0.000000000000000000e+00
3.591974044949795136e-04
0.000000000000000000e+00
0.000000000000000000e+00
1.957840432891061726e-03
3.858653791057631982e-02
0.000000000000000000e+00
0.000000000000000000e+00
0.000000000000000000e+00
0.000000000000000000e+00
0.000000000000000000e+00
0.000000000000000000e+00
0.000000000000000000e+00
0.000000000000000000e+00
0.000000000000000000e+00
0.000000000000000000e+00
0.000000000000000000e+00
0.000000000000000000e+00
1.149123313947493378e-03
4.942494677989314587e-05
0.000000000000000000e+00
0.000000000000000000e+00
0.000000000000000000e+00
0.000000000000000000e+00
0.000000000000000000e+00
0.000000000000000000e+00
1.123808304935414388e-03
0.000000000000000000e+00
2.610973964700944231e-05
2.145245919498145590e-04
0.000000000000000000e+00
0.000000000000000000e+00
0.000000000000000000e+00
0.000000000000000000e+00
0.000000000000000000e+00
0.000000000000000000e+00
0.000000000000000000e+00
0.000000000000000000e+00
0.000000000000000000e+00
0.000000000000000000e+00
0.000000000000000000e+00
0.000000000000000000e+00
0.000000000000000000e+00
0.000000000000000000e+00
0.000000000000000000e+00
0.000000000000000000e+00
0.000000000000000000e+00
0.000000000000000000e+00
0.000000000000000000e+00
1.113285710281888960e-03
0.000000000000000000e+00
1.180702179418134266e-03
0.000000000000000000e+00
0.000000000000000000e+00
8.761345346768970336e-04
7.960664281164716561e-07
2.272296672388511020e-07
0.000000000000000000e+00
4.228340915788590328e-06
4.323357790868427282e-04
0.000000000000000000e+00
2.464931042296044338e-03
2.855166972715706504e-04
1.861587345635821880e-03
0.000000000000000000e+00
0.000000000000000000e+00
0.000000000000000000e+00
0.000000000000000000e+00
9.069218340435023255e-04
0.000000000000000000e+00
0.000000000000000000e+00
0.000000000000000000e+00
0.000000000000000000e+00
1.293652162367545956e-05
0.000000000000000000e+00
0.000000000000000000e+00
0.000000000000000000e+00
7.826342155404993365e-05
0.000000000000000000e+00
0.000000000000000000e+00
0.000000000000000000e+00
0.000000000000000000e+00
0.000000000000000000e+00
1.252149910967746693e-03
0.000000000000000000e+00
0.000000000000000000e+00
0.000000000000000000e+00
0.000000000000000000e+00
0.000000000000000000e+00
0.000000000000000000e+00
0.000000000000000000e+00
0.000000000000000000e+00
0.000000000000000000e+00
0.000000000000000000e+00
9.162270687887209570e-04
