3.499619597392120726e-04
0.000000000000000000e+00
0.000000000000000000e+00
0.000000000000000000e+00
0.000000000000000000e+00
0.000000000000000000e+00
0.000000000000000000e+00
0.000000000000000000e+00
0.000000000000000000e+00
2.404590820166382958e-04
0.000000000000000000e+00
7.184677835504063061e-03
1.492219203445901759e-03
1.244534917347128646e-03
0.000000000000000000e+00
0.000000000000000000e+00
0.000000000000000000e+00
0.000000000000000000e+00
2.655167855980153889e-03
5.217412463295318173e-03
0.000000000000000000e+00
0.000000000000000000e+00
0.000000000000000000e+00
0.000000000000000000e+00
8.747930701198738945e-04
0.000000000000000000e+00
0.000000000000000000e+00
0.000000000000000000e+00
0.000000000000000000e+00
0.000000000000000000e+00
2.806429344768492009e-03
0.000000000000000000e+00
5.645641278596769813e-02
3.354645090591606114e-03
7.367595381615740964e-03
0.000000000000000000e+00
0.000000000000000000e+00
0.000000000000000000e+00
0.000000000000000000e+00
3.295004397462352602e-02
0.000000000000000000e+00
0.000000000000000000e+00
0.000000000000000000e+00
0.000000000000000000e+00
6.101946062275902770e-03
1.492625768137192553e-03
5.849202555634749542e-04
4.064888292560633713e-03
0.000000000000000000e+00
2.631109436746401596e-03
1.071185134896603976e-03
0.000000000000000000e+00
0.000000000000000000e+00
0.000000000000000000e+00
0.000000000000000000e+00
0.000000000000000000e+00
3.607347443734187854e-04
6.339575406749193209e-04
0.000000000000000000e+00
0.000000000000000000e+00
3.566723209673595702e-03
0.000000000000000000e+00
0.000000000000000000e+00
0.000000000000000000e+00
0.000000000000000000e+00
0.000000000000000000e+00
0.000000000000000000e+00
0.000000000000000000e+00
2.210697913264085199e-03
7.636075865171505165e-05
0.000000000000000000e+00
0.000000000000000000e+00
0.000000000000000000e+00
2.012045112779482867e-03
0.000000000000000000e+00
0.000000000000000000e+00
1.151710408845651578e-03
0.000000000000000000e+00
0.000000000000000000e+00
0.000000000000000000e+00
0.000000000000000000e+00
0.000000000000000000e+00
0.000000000000000000e+00
0.000000000000000000e+00
3.150051767019313147e-03
0.000000000000000000e+00
0.000000000000000000e+00
1.901137618486943960e-03
0.000000000000000000e+00
7.618445552463216398e-03
0.000000000000000000e+00
0.000000000000000000e+00
0.000000000000000000e+00
2.678282771046678907e-03
6.601951365972409278e-04
0.000000000000000000e+00
1.042339620512538470e-03
4.004628620948044379e-03
0.000000000000000000e+00
8.820603884166125345e-05
0.000000000000000000e+00
0.000000000000000000e+00
0.000000000000000000e+00
0.000000000000000000e+00
0.000000000000000000e+00
0.000000000000000000e+00
0.000000000000000000e+00
0.000000000000000000e+00
4.411589659683759490e-03
5.744371862637615705e-03
0.000000000000000000e+00
1.228502124070410652e-03
0.000000000000000000e+00
0.000000000000000000e+00
5.792777741859890181e-03
0.000000000000000000e+00
0.000000000000000000e+00
0.000000000000000000e+00
0.000000000000000000e+00
0.000000000000000000e+00
0.000000000000000000e+00
4.647460332040120618e-04
0.000000000000000000e+00
0.000000000000000000e+00
3.332173501304823947e-03
3.768459211526520997e-02
0.000000000000000000e+00
0.000000000000000000e+00
0.000000000000000000e+00
0.000000000000000000e+00
0.000000000000000000e+00
0.000000000000000000e+00
0.000000000000000000e+00
0.000000000000000000e+00
0.000000000000000000e+00
0.000000000000000000e+00
0.000000000000000000e+00
0.000000000000000000e+00
5.807960672407835173e-03
3.122357608917933331e-05
0.000000000000000000e+00
0.000000000000000000e+00
0.000000000000000000e+00
0.000000000000000000e+00
0.000000000000000000e+00
0.000000000000000000e+00
4.285835742603923658e-03
0.000000000000000000e+00
8.515726315021995569e-05
1.119385488506791961e-03
0.000000000000000000e+00
0.000000000000000000e+00
0.000000000000000000e+00
0.000000000000000000e+00
0.000000000000000000e+00
0.000000000000000000e+00
0.000000000000000000e+00
0.000000000000000000e+00
0.000000000000000000e+00
0.000000000000000000e+00
0.000000000000000000e+00
0.000000000000000000e+00
0.000000000000000000e+00
0.000000000000000000e+00
0.000000000000000000e+00
0.000000000000000000e+00
0.000000000000000000e+00
0.000000000000000000e+00
0.000000000000000000e+00
6.004488577222573224e-03
0.000000000000000000e+00
1.014887965243007608e-03
0.000000000000000000e+00
0.000000000000000000e+00
2.293476286526405922e-03
7.911692319820304417e-05
2.725901372224897364e-04
0.000000000000000000e+00
3.405030532615910765e-04
1.991469927658226545e-04
0.000000000000000000e+00
1.399556132991896943e-03
7.162088889179887754e-04
6.311898142400872158e-03
0.000000000000000000e+00
0.000000000000000000e+00
0.000000000000000000e+00
0.000000000000000000e+00
3.155324135947876803e-03
0.000000000000000000e+00
0.000000000000000000e+00
0.000000000000000000e+00
0.000000000000000000e+00
3.762886936106421337e-04
0.000000000000000000e+00
0.000000000000000000e+00
0.000000000000000000e+00
6.453456922814814031e-05
0.000000000000000000e+00
0.000000000000000000e+00
0.000000000000000000e+00
0.000000000000000000e+00
0.000000000000000000e+00
5.735377936873532582e-03
0.000000000000000000e+00
0.000000000000000000e+00
0.000000000000000000e+00
0.000000000000000000e+00
0.000000000000000000e+00
0.000000000000000000e+00
0.000000000000000000e+00
0.000000000000000000e+00
0.000000000000000000e+00
0.000000000000000000e+00
3.446336756220670216e-03
