2.184888724638421164e-03
0.000000000000000000e+00
0.000000000000000000e+00
0.000000000000000000e+00
0.000000000000000000e+00
0.000000000000000000e+00
0.000000000000000000e+00
0.000000000000000000e+00
0.000000000000000000e+00
4.583692151026515400e-03
0.000000000000000000e+00
4.389372145953075906e-03
4.407694826079289370e-03
4.653640723413853355e-04
0.000000000000000000e+00
0.000000000000000000e+00
0.000000000000000000e+00
0.000000000000000000e+00
6.829757317573363976e-03
8.676735585733079750e-03
0.000000000000000000e+00
0.000000000000000000e+00
0.000000000000000000e+00
0.000000000000000000e+00
3.636382839384747108e-03
0.000000000000000000e+00
0.000000000000000000e+00
0.000000000000000000e+00
0.000000000000000000e+00
0.000000000000000000e+00
1.417354417555691248e-01
0.000000000000000000e+00
1.656287282404773353e-01
9.986867329362042814e-03
1.318061040629005254e-02
0.000000000000000000e+00
0.000000000000000000e+00
0.000000000000000000e+00
0.000000000000000000e+00
3.943020013644951693e-02
0.000000000000000000e+00
0.000000000000000000e+00
0.000000000000000000e+00
0.000000000000000000e+00
1.266668384115569174e-02
6.214299249079565518e-03
4.878632667045391946e-03
1.316023364488448470e-02
0.000000000000000000e+00
8.571949593204163456e-03
4.929286971353944932e-03
0.000000000000000000e+00
0.000000000000000000e+00
0.000000000000000000e+00
0.000000000000000000e+00
0.000000000000000000e+00
4.005617354531658316e-04
4.887414079184274236e-03
0.000000000000000000e+00
0.000000000000000000e+00
7.860269235291332882e-03
0.000000000000000000e+00
0.000000000000000000e+00
0.000000000000000000e+00
0.000000000000000000e+00
0.000000000000000000e+00
0.000000000000000000e+00
0.000000000000000000e+00
7.169290392678179941e-03
1.174738083535735228e-03
0.000000000000000000e+00
0.000000000000000000e+00
0.000000000000000000e+00
5.279517804160015551e-03
0.000000000000000000e+00
0.000000000000000000e+00
6.673417216729440882e-03
0.000000000000000000e+00
0.000000000000000000e+00
0.000000000000000000e+00
0.000000000000000000e+00
0.000000000000000000e+00
0.000000000000000000e+00
0.000000000000000000e+00
6.751109062665620018e-03
0.000000000000000000e+00
0.000000000000000000e+00
7.163581911313198110e-03
0.000000000000000000e+00
1.192734648808320592e-02
0.000000000000000000e+00
0.000000000000000000e+00
0.000000000000000000e+00
8.270520621366852024e-03
2.138762245176855162e-03
0.000000000000000000e+00
4.126611559423351040e-03
7.149084250964436726e-03
0.000000000000000000e+00
1.743392710626718732e-04
0.000000000000000000e+00
0.000000000000000000e+00
0.000000000000000000e+00
0.000000000000000000e+00
0.000000000000000000e+00
0.000000000000000000e+00
0.000000000000000000e+00
0.000000000000000000e+00
1.351175757653029150e-02
9.144587471260524555e-03
0.000000000000000000e+00
6.177863579499757788e-06
0.000000000000000000e+00
0.000000000000000000e+00
1.243338142134702354e-02
0.000000000000000000e+00
0.000000000000000000e+00
0.000000000000000000e+00
0.000000000000000000e+00
0.000000000000000000e+00
0.000000000000000000e+00
2.502552235287591829e-03
0.000000000000000000e+00
0.000000000000000000e+00
7.825527087523818578e-03
3.913435508430402471e-02
0.000000000000000000e+00
0.000000000000000000e+00
0.000000000000000000e+00
0.000000000000000000e+00
0.000000000000000000e+00
0.000000000000000000e+00
0.000000000000000000e+00
0.000000000000000000e+00
0.000000000000000000e+00
0.000000000000000000e+00
0.000000000000000000e+00
0.000000000000000000e+00
9.474837215658234169e-03
3.231444096550054284e-04
0.000000000000000000e+00
0.000000000000000000e+00
0.000000000000000000e+00
0.000000000000000000e+00
0.000000000000000000e+00
0.000000000000000000e+00
8.962599638365877433e-03
0.000000000000000000e+00
6.653963108063057786e-04
1.198709046406578327e-01
0.000000000000000000e+00
0.000000000000000000e+00
0.000000000000000000e+00
0.000000000000000000e+00
0.000000000000000000e+00
0.000000000000000000e+00
0.000000000000000000e+00
0.000000000000000000e+00
0.000000000000000000e+00
0.000000000000000000e+00
0.000000000000000000e+00
0.000000000000000000e+00
0.000000000000000000e+00
0.000000000000000000e+00
0.000000000000000000e+00
0.000000000000000000e+00
0.000000000000000000e+00
0.000000000000000000e+00
0.000000000000000000e+00
9.137918107906130294e-03
0.000000000000000000e+00
4.837747585878873942e-03
0.000000000000000000e+00
0.000000000000000000e+00
7.492528942776758606e-03
6.361622295130295790e-04
2.485991198556894780e-03
0.000000000000000000e+00
4.833155443762554050e-03
1.946085508969937986e-03
0.000000000000000000e+00
3.772899011569222274e-03
4.900524437487476301e-07
9.588924143639095815e-03
0.000000000000000000e+00
0.000000000000000000e+00
0.000000000000000000e+00
0.000000000000000000e+00
8.808173469339843770e-03
0.000000000000000000e+00
0.000000000000000000e+00
0.000000000000000000e+00
0.000000000000000000e+00
1.293740354408875142e-05
0.000000000000000000e+00
0.000000000000000000e+00
0.000000000000000000e+00
2.707421967681928731e-03
0.000000000000000000e+00
0.000000000000000000e+00
0.000000000000000000e+00
0.000000000000000000e+00
0.000000000000000000e+00
9.806929415640789835e-03
0.000000000000000000e+00
0.000000000000000000e+00
0.000000000000000000e+00
0.000000000000000000e+00
0.000000000000000000e+00
0.000000000000000000e+00
0.000000000000000000e+00
0.000000000000000000e+00
0.000000000000000000e+00
0.000000000000000000e+00
9.162279725291844982e-04
