8.023477705543108633e-05
0.000000000000000000e+00
0.000000000000000000e+00
0.000000000000000000e+00
0.000000000000000000e+00
0.000000000000000000e+00
0.000000000000000000e+00
0.000000000000000000e+00
0.000000000000000000e+00
1.345612595796552506e-05
0.000000000000000000e+00
3.255742932947013318e-03
2.493574390671878516e-05
5.886145086279213554e-04
0.000000000000000000e+00
0.000000000000000000e+00
0.000000000000000000e+00
0.000000000000000000e+00
2.914119013976550774e-04
2.309711627838704099e-05
0.000000000000000000e+00
0.000000000000000000e+00
0.000000000000000000e+00
0.000000000000000000e+00
2.198179073351456015e-04
0.000000000000000000e+00
0.000000000000000000e+00
0.000000000000000000e+00
0.000000000000000000e+00
0.000000000000000000e+00
3.500456911867054540e-06
0.000000000000000000e+00
5.995953508555730560e-02
2.569907254426276452e-04
1.157548391260845389e-04
0.000000000000000000e+00
0.000000000000000000e+00
0.000000000000000000e+00
0.000000000000000000e+00
1.534663450175407888e-02
0.000000000000000000e+00
0.000000000000000000e+00
0.000000000000000000e+00
0.000000000000000000e+00
2.262387070816338289e-03
4.448870832280385945e-04
1.861495829065610216e-05
2.980850792682456841e-04
0.000000000000000000e+00
1.066155995141419382e-05
1.245012690405814860e-04
0.000000000000000000e+00
0.000000000000000000e+00
0.000000000000000000e+00
0.000000000000000000e+00
0.000000000000000000e+00
8.946328063765918246e-05
1.169716808618470041e-03
0.000000000000000000e+00
0.000000000000000000e+00
6.401996359096430184e-04
0.000000000000000000e+00
0.000000000000000000e+00
0.000000000000000000e+00
0.000000000000000000e+00
0.000000000000000000e+00
0.000000000000000000e+00
0.000000000000000000e+00
3.687201376475436523e-04
2.570868041408715782e-04
0.000000000000000000e+00
0.000000000000000000e+00
0.000000000000000000e+00
5.424444641822569755e-04
0.000000000000000000e+00
0.000000000000000000e+00
1.418543537736971462e-04
0.000000000000000000e+00
0.000000000000000000e+00
0.000000000000000000e+00
0.000000000000000000e+00
0.000000000000000000e+00
0.000000000000000000e+00
0.000000000000000000e+00
8.618906273681060633e-04
0.000000000000000000e+00
0.000000000000000000e+00
4.530014729844995705e-04
0.000000000000000000e+00
1.847271087383841855e-03
0.000000000000000000e+00
0.000000000000000000e+00
0.000000000000000000e+00
8.313708019533869479e-04
1.153581818324350434e-05
0.000000000000000000e+00
2.692529377168315281e-04
1.075335127284200802e-04
0.000000000000000000e+00
5.970344554559043991e-05
0.000000000000000000e+00
0.000000000000000000e+00
0.000000000000000000e+00
0.000000000000000000e+00
0.000000000000000000e+00
0.000000000000000000e+00
0.000000000000000000e+00
0.000000000000000000e+00
2.098647622015542491e-06
7.481673987305005602e-02
0.000000000000000000e+00
7.385242774613643823e-04
0.000000000000000000e+00
0.000000000000000000e+00
1.056167167531287318e-04
0.000000000000000000e+00
0.000000000000000000e+00
0.000000000000000000e+00
0.000000000000000000e+00
0.000000000000000000e+00
0.000000000000000000e+00
3.610648989228204282e-04
0.000000000000000000e+00
0.000000000000000000e+00
3.706523508543824543e-04
3.734404589477029884e-02
0.000000000000000000e+00
0.000000000000000000e+00
0.000000000000000000e+00
0.000000000000000000e+00
0.000000000000000000e+00
0.000000000000000000e+00
0.000000000000000000e+00
0.000000000000000000e+00
0.000000000000000000e+00
0.000000000000000000e+00
0.000000000000000000e+00
0.000000000000000000e+00
2.243067208368509197e-05
1.702804203357329452e-05
0.000000000000000000e+00
0.000000000000000000e+00
0.000000000000000000e+00
0.000000000000000000e+00
0.000000000000000000e+00
0.000000000000000000e+00
7.392627188731443556e-06
0.000000000000000000e+00
7.302556386129774074e-05
3.745180479800724649e-05
0.000000000000000000e+00
0.000000000000000000e+00
0.000000000000000000e+00
0.000000000000000000e+00
0.000000000000000000e+00
0.000000000000000000e+00
0.000000000000000000e+00
0.000000000000000000e+00
0.000000000000000000e+00
0.000000000000000000e+00
0.000000000000000000e+00
0.000000000000000000e+00
0.000000000000000000e+00
0.000000000000000000e+00
0.000000000000000000e+00
0.000000000000000000e+00
0.000000000000000000e+00
0.000000000000000000e+00
0.000000000000000000e+00
5.405175700092611614e-04
0.000000000000000000e+00
8.548517203535277280e-05
0.000000000000000000e+00
0.000000000000000000e+00
3.806029469284217550e-05
1.526728891658449207e-05
1.523026197312001885e-04
0.000000000000000000e+00
7.795610446305781087e-04
4.046906674353373885e-04
0.000000000000000000e+00
5.964590345372929774e-04
5.773625392528793218e-04
5.149336012042033078e-05
0.000000000000000000e+00
0.000000000000000000e+00
0.000000000000000000e+00
0.000000000000000000e+00
1.117302742167874361e-04
0.000000000000000000e+00
0.000000000000000000e+00
0.000000000000000000e+00
0.000000000000000000e+00
7.795321989425559950e-05
0.000000000000000000e+00
0.000000000000000000e+00
0.000000000000000000e+00
1.450123474424174202e-04
0.000000000000000000e+00
0.000000000000000000e+00
0.000000000000000000e+00
0.000000000000000000e+00
0.000000000000000000e+00
1.072129311832821914e-04
0.000000000000000000e+00
0.000000000000000000e+00
0.000000000000000000e+00
0.000000000000000000e+00
0.000000000000000000e+00
0.000000000000000000e+00
0.000000000000000000e+00
0.000000000000000000e+00
0.000000000000000000e+00
0.000000000000000000e+00
1.498486471670344320e-03
