3.499619408175614764e-04
0.000000000000000000e+00
0.000000000000000000e+00
0.000000000000000000e+00
0.000000000000000000e+00
0.000000000000000000e+00
0.000000000000000000e+00
0.000000000000000000e+00
0.000000000000000000e+00
2.404589585123523146e-04
0.000000000000000000e+00
7.184683200829811850e-03
1.492219704643771641e-03
1.244535123121848176e-03
0.000000000000000000e+00
0.000000000000000000e+00
0.000000000000000000e+00
0.000000000000000000e+00
2.655177356834833701e-03
5.217412551231213717e-03
0.000000000000000000e+00
0.000000000000000000e+00
0.000000000000000000e+00
0.000000000000000000e+00
8.747921034737963673e-04
0.000000000000000000e+00
0.000000000000000000e+00
0.000000000000000000e+00
0.000000000000000000e+00
0.000000000000000000e+00
2.806429441657033036e-03
0.000000000000000000e+00
5.645640342288576335e-02
3.354644252760241932e-03
7.367605111275917461e-03
0.000000000000000000e+00
0.000000000000000000e+00
0.000000000000000000e+00
0.000000000000000000e+00
3.295004581335714278e-02
0.000000000000000000e+00
0.000000000000000000e+00
0.000000000000000000e+00
0.000000000000000000e+00
6.101948957087460768e-03
1.492627646481674676e-03
5.849202578540043740e-04
4.064886947878348054e-03
0.000000000000000000e+00
2.631105641294160472e-03
1.071184332403728005e-03
0.000000000000000000e+00
0.000000000000000000e+00
0.000000000000000000e+00
0.000000000000000000e+00
0.000000000000000000e+00
3.607347930270751930e-04
6.339575957166565480e-04
0.000000000000000000e+00
0.000000000000000000e+00
3.566719449701416609e-03
0.000000000000000000e+00
0.000000000000000000e+00
0.000000000000000000e+00
0.000000000000000000e+00
0.000000000000000000e+00
0.000000000000000000e+00
0.000000000000000000e+00
2.210696762399179654e-03
7.636469000346094631e-05
0.000000000000000000e+00
0.000000000000000000e+00
0.000000000000000000e+00
2.012044807470549784e-03
0.000000000000000000e+00
0.000000000000000000e+00
1.151710247642213176e-03
0.000000000000000000e+00
0.000000000000000000e+00
0.000000000000000000e+00
0.000000000000000000e+00
0.000000000000000000e+00
0.000000000000000000e+00
0.000000000000000000e+00
3.150051055382410529e-03
0.000000000000000000e+00
0.000000000000000000e+00
1.901138268823680030e-03
0.000000000000000000e+00
7.618460523787603210e-03
0.000000000000000000e+00
0.000000000000000000e+00
0.000000000000000000e+00
2.678282985348562437e-03
6.601964617257823293e-04
0.000000000000000000e+00
1.042339412246383063e-03
4.004633924850822292e-03
0.000000000000000000e+00
8.820597005324664599e-05
0.000000000000000000e+00
0.000000000000000000e+00
0.000000000000000000e+00
0.000000000000000000e+00
0.000000000000000000e+00
0.000000000000000000e+00
0.000000000000000000e+00
0.000000000000000000e+00
4.411589051049429923e-03
5.744369198687934198e-03
0.000000000000000000e+00
1.228502921740309319e-03
0.000000000000000000e+00
0.000000000000000000e+00
1.441840962643957391e-01
0.000000000000000000e+00
0.000000000000000000e+00
0.000000000000000000e+00
0.000000000000000000e+00
0.000000000000000000e+00
0.000000000000000000e+00
4.647456288468721679e-04
0.000000000000000000e+00
0.000000000000000000e+00
3.332173423207988091e-03
3.768459225084837966e-02
0.000000000000000000e+00
0.000000000000000000e+00
0.000000000000000000e+00
0.000000000000000000e+00
0.000000000000000000e+00
0.000000000000000000e+00
0.000000000000000000e+00
0.000000000000000000e+00
0.000000000000000000e+00
0.000000000000000000e+00
0.000000000000000000e+00
0.000000000000000000e+00
5.807972497681349044e-03
3.122357968290267468e-05
0.000000000000000000e+00
0.000000000000000000e+00
0.000000000000000000e+00
0.000000000000000000e+00
0.000000000000000000e+00
0.000000000000000000e+00
4.285834540881684578e-03
0.000000000000000000e+00
8.515711458845229092e-05
1.119373340083901474e-03
0.000000000000000000e+00
0.000000000000000000e+00
0.000000000000000000e+00
0.000000000000000000e+00
0.000000000000000000e+00
0.000000000000000000e+00
0.000000000000000000e+00
0.000000000000000000e+00
0.000000000000000000e+00
0.000000000000000000e+00
0.000000000000000000e+00
0.000000000000000000e+00
0.000000000000000000e+00
0.000000000000000000e+00
0.000000000000000000e+00
0.000000000000000000e+00
0.000000000000000000e+00
0.000000000000000000e+00
0.000000000000000000e+00
6.004474517409409684e-03
0.000000000000000000e+00
1.014888028987085116e-03
0.000000000000000000e+00
0.000000000000000000e+00
1.665535699817508042e-01
7.911693927215619358e-05
2.725902202138041322e-04
0.000000000000000000e+00
3.405026683458854306e-04
1.991452887791460681e-04
0.000000000000000000e+00
1.399556133352174072e-03
7.162088815666435484e-04
6.311887514260094111e-03
0.000000000000000000e+00
0.000000000000000000e+00
0.000000000000000000e+00
0.000000000000000000e+00
3.376664671842060858e-03
0.000000000000000000e+00
0.000000000000000000e+00
0.000000000000000000e+00
0.000000000000000000e+00
3.762884228464861373e-04
0.000000000000000000e+00
0.000000000000000000e+00
0.000000000000000000e+00
6.453458782834831000e-05
0.000000000000000000e+00
0.000000000000000000e+00
0.000000000000000000e+00
0.000000000000000000e+00
0.000000000000000000e+00
5.735375982260699883e-03
0.000000000000000000e+00
0.000000000000000000e+00
0.000000000000000000e+00
0.000000000000000000e+00
0.000000000000000000e+00
0.000000000000000000e+00
0.000000000000000000e+00
0.000000000000000000e+00
0.000000000000000000e+00
0.000000000000000000e+00
3.446343712086295894e-03
