4.449375260986804984e-06
0.000000000000000000e+00
0.000000000000000000e+00
0.000000000000000000e+00
0.000000000000000000e+00
0.000000000000000000e+00
0.000000000000000000e+00
0.000000000000000000e+00
0.000000000000000000e+00
1.273920422741384433e-04
0.000000000000000000e+00
1.317957056571945375e-02
3.378993741004519087e-04
2.441508527852973790e-03
0.000000000000000000e+00
0.000000000000000000e+00
0.000000000000000000e+00
0.000000000000000000e+00
2.716743190917598141e-07
3.647259736156057959e-05
0.000000000000000000e+00
0.000000000000000000e+00
0.000000000000000000e+00
0.000000000000000000e+00
6.032020963339909171e-05
0.000000000000000000e+00
0.000000000000000000e+00
0.000000000000000000e+00
0.000000000000000000e+00
0.000000000000000000e+00
8.365449175267249443e-07
0.000000000000000000e+00
1.033044518557424685e-01
1.521674715407192674e-04
7.866384036333169276e-06
0.000000000000000000e+00
0.000000000000000000e+00
0.000000000000000000e+00
0.000000000000000000e+00
5.305403413090675584e-03
0.000000000000000000e+00
0.000000000000000000e+00
0.000000000000000000e+00
0.000000000000000000e+00
5.311860537104302340e-05
4.699393610562396491e-04
9.599503113455464269e-05
2.597832813022433562e-04
0.000000000000000000e+00
2.557908051123355467e-05
1.939733998369941965e-04
0.000000000000000000e+00
0.000000000000000000e+00
0.000000000000000000e+00
0.000000000000000000e+00
0.000000000000000000e+00
6.654962059097921595e-04
2.266385232758274886e-04
0.000000000000000000e+00
0.000000000000000000e+00
5.051010903452315005e-04
0.000000000000000000e+00
0.000000000000000000e+00
0.000000000000000000e+00
0.000000000000000000e+00
0.000000000000000000e+00
0.000000000000000000e+00
0.000000000000000000e+00
1.701502475969074294e-05
1.505413803372846549e-06
0.000000000000000000e+00
0.000000000000000000e+00
0.000000000000000000e+00
2.047188899673523909e-04
0.000000000000000000e+00
0.000000000000000000e+00
2.742943240191050716e-04
0.000000000000000000e+00
0.000000000000000000e+00
0.000000000000000000e+00
0.000000000000000000e+00
0.000000000000000000e+00
0.000000000000000000e+00
0.000000000000000000e+00
4.501924754729135799e-05
0.000000000000000000e+00
0.000000000000000000e+00
3.650120098979190943e-05
0.000000000000000000e+00
9.407289958028102766e-06
0.000000000000000000e+00
0.000000000000000000e+00
0.000000000000000000e+00
2.108938309950655942e-05
2.002280544596704663e-06
0.000000000000000000e+00
6.646540366344766849e-04
7.594438837078919580e-06
0.000000000000000000e+00
6.932420101586659118e-07
0.000000000000000000e+00
0.000000000000000000e+00
0.000000000000000000e+00
0.000000000000000000e+00
0.000000000000000000e+00
0.000000000000000000e+00
0.000000000000000000e+00
0.000000000000000000e+00
4.031606391991058181e-05
7.481674050554640298e-02
0.000000000000000000e+00
4.808314063050143504e-04
0.000000000000000000e+00
0.000000000000000000e+00
1.068769270978647845e-04
0.000000000000000000e+00
0.000000000000000000e+00
0.000000000000000000e+00
0.000000000000000000e+00
0.000000000000000000e+00
0.000000000000000000e+00
1.443637477953298685e-03
0.000000000000000000e+00
0.000000000000000000e+00
2.622873921519009496e-04
2.180036216258127504e-02
0.000000000000000000e+00
0.000000000000000000e+00
0.000000000000000000e+00
0.000000000000000000e+00
0.000000000000000000e+00
0.000000000000000000e+00
0.000000000000000000e+00
0.000000000000000000e+00
0.000000000000000000e+00
0.000000000000000000e+00
0.000000000000000000e+00
0.000000000000000000e+00
1.165011099779379044e-04
5.852433963831928370e-07
0.000000000000000000e+00
0.000000000000000000e+00
0.000000000000000000e+00
0.000000000000000000e+00
0.000000000000000000e+00
0.000000000000000000e+00
3.902878217397663598e-05
0.000000000000000000e+00
2.173099226008343894e-05
3.523157199444861383e-05
0.000000000000000000e+00
0.000000000000000000e+00
0.000000000000000000e+00
0.000000000000000000e+00
0.000000000000000000e+00
0.000000000000000000e+00
0.000000000000000000e+00
0.000000000000000000e+00
0.000000000000000000e+00
0.000000000000000000e+00
0.000000000000000000e+00
0.000000000000000000e+00
0.000000000000000000e+00
0.000000000000000000e+00
0.000000000000000000e+00
0.000000000000000000e+00
0.000000000000000000e+00
0.000000000000000000e+00
0.000000000000000000e+00
2.729584555715062577e-04
0.000000000000000000e+00
1.432616847366299009e-05
0.000000000000000000e+00
0.000000000000000000e+00
2.989973058023132107e-05
1.078536728281192543e-04
2.184761289771906627e-04
0.000000000000000000e+00
5.081992431416912197e-04
2.780271406790576767e-04
0.000000000000000000e+00
3.915102401625157803e-05
5.846799265146679966e-04
1.138138836717407780e-04
0.000000000000000000e+00
0.000000000000000000e+00
0.000000000000000000e+00
0.000000000000000000e+00
5.653950320735001770e-05
0.000000000000000000e+00
0.000000000000000000e+00
0.000000000000000000e+00
0.000000000000000000e+00
9.311230233347976569e-07
0.000000000000000000e+00
0.000000000000000000e+00
0.000000000000000000e+00
1.269616515706935105e-04
0.000000000000000000e+00
0.000000000000000000e+00
0.000000000000000000e+00
0.000000000000000000e+00
0.000000000000000000e+00
2.922213126274876042e-05
0.000000000000000000e+00
0.000000000000000000e+00
0.000000000000000000e+00
0.000000000000000000e+00
0.000000000000000000e+00
0.000000000000000000e+00
0.000000000000000000e+00
0.000000000000000000e+00
0.000000000000000000e+00
0.000000000000000000e+00
9.002103335254122872e-04
