4.546425455112903976e-05
0.000000000000000000e+00
0.000000000000000000e+00
0.000000000000000000e+00
0.000000000000000000e+00
0.000000000000000000e+00
0.000000000000000000e+00
0.000000000000000000e+00
0.000000000000000000e+00
1.267795153973778931e-04
0.000000000000000000e+00
8.671230179110846203e-03
1.256640081663451449e-04
1.216639799642281255e-03
0.000000000000000000e+00
0.000000000000000000e+00
0.000000000000000000e+00
0.000000000000000000e+00
2.580957215431627932e-06
3.407641908975685916e-05
0.000000000000000000e+00
0.000000000000000000e+00
0.000000000000000000e+00
0.000000000000000000e+00
1.183553447525477420e-05
0.000000000000000000e+00
0.000000000000000000e+00
0.000000000000000000e+00
0.000000000000000000e+00
0.000000000000000000e+00
2.474702484707770893e-06
0.000000000000000000e+00
1.033070603183654929e-01
5.123010444287720084e-05
1.210590485056979908e-05
0.000000000000000000e+00
0.000000000000000000e+00
0.000000000000000000e+00
0.000000000000000000e+00
5.306188657909071717e-03
0.000000000000000000e+00
0.000000000000000000e+00
0.000000000000000000e+00
0.000000000000000000e+00
5.311852151888321572e-05
5.501018611987008909e-04
7.961897041851038266e-05
2.951647397746161262e-04
0.000000000000000000e+00
3.141098662560049308e-10
1.558773445642627813e-05
0.000000000000000000e+00
0.000000000000000000e+00
0.000000000000000000e+00
0.000000000000000000e+00
0.000000000000000000e+00
1.645376476665104132e-03
1.305011473054118356e-04
0.000000000000000000e+00
0.000000000000000000e+00
4.044245876437278569e-04
0.000000000000000000e+00
0.000000000000000000e+00
0.000000000000000000e+00
0.000000000000000000e+00
0.000000000000000000e+00
0.000000000000000000e+00
0.000000000000000000e+00
1.983207002900632548e-04
9.714162940008408279e-04
0.000000000000000000e+00
0.000000000000000000e+00
0.000000000000000000e+00
3.217051201717428745e-04
0.000000000000000000e+00
0.000000000000000000e+00
1.029425262586614498e-04
0.000000000000000000e+00
0.000000000000000000e+00
0.000000000000000000e+00
0.000000000000000000e+00
0.000000000000000000e+00
0.000000000000000000e+00
0.000000000000000000e+00
3.645794206905134246e-04
0.000000000000000000e+00
0.000000000000000000e+00
5.984430814627130835e-05
0.000000000000000000e+00
4.228783921524066565e-06
0.000000000000000000e+00
0.000000000000000000e+00
0.000000000000000000e+00
3.049355853067311830e-05
2.036755643451396834e-06
0.000000000000000000e+00
3.286522628892580753e-04
1.943927765600718941e-05
0.000000000000000000e+00
3.400863106551394398e-04
0.000000000000000000e+00
0.000000000000000000e+00
0.000000000000000000e+00
0.000000000000000000e+00
0.000000000000000000e+00
0.000000000000000000e+00
0.000000000000000000e+00
0.000000000000000000e+00
6.224982677827281769e-05
7.481674019761817840e-02
0.000000000000000000e+00
1.743590159744497735e-03
0.000000000000000000e+00
0.000000000000000000e+00
7.728671328554945891e-05
0.000000000000000000e+00
0.000000000000000000e+00
0.000000000000000000e+00
0.000000000000000000e+00
0.000000000000000000e+00
0.000000000000000000e+00
1.662615333616895494e-03
0.000000000000000000e+00
0.000000000000000000e+00
2.412546068942766865e-04
2.429759910533006023e-02
0.000000000000000000e+00
0.000000000000000000e+00
0.000000000000000000e+00
0.000000000000000000e+00
0.000000000000000000e+00
0.000000000000000000e+00
0.000000000000000000e+00
0.000000000000000000e+00
0.000000000000000000e+00
0.000000000000000000e+00
0.000000000000000000e+00
0.000000000000000000e+00
1.645001426653679502e-04
5.655185808389063255e-06
0.000000000000000000e+00
0.000000000000000000e+00
0.000000000000000000e+00
0.000000000000000000e+00
0.000000000000000000e+00
0.000000000000000000e+00
6.149328957399305526e-05
0.000000000000000000e+00
2.159453505407747046e-05
1.579079096978171001e-05
0.000000000000000000e+00
0.000000000000000000e+00
0.000000000000000000e+00
0.000000000000000000e+00
0.000000000000000000e+00
0.000000000000000000e+00
0.000000000000000000e+00
0.000000000000000000e+00
0.000000000000000000e+00
0.000000000000000000e+00
0.000000000000000000e+00
0.000000000000000000e+00
0.000000000000000000e+00
0.000000000000000000e+00
0.000000000000000000e+00
0.000000000000000000e+00
0.000000000000000000e+00
0.000000000000000000e+00
0.000000000000000000e+00
2.770711932240095370e-04
0.000000000000000000e+00
3.184505100413814597e-05
0.000000000000000000e+00
0.000000000000000000e+00
4.431480800251879124e-05
2.126256152859745186e-04
1.367983042620260698e-04
0.000000000000000000e+00
2.054034052520652207e-04
7.247360931595838447e-07
0.000000000000000000e+00
2.571357737815065580e-04
1.026792180927582707e-03
9.903998177630645014e-05
0.000000000000000000e+00
0.000000000000000000e+00
0.000000000000000000e+00
0.000000000000000000e+00
3.272791009849527084e-05
0.000000000000000000e+00
0.000000000000000000e+00
0.000000000000000000e+00
0.000000000000000000e+00
7.753708689727820483e-05
0.000000000000000000e+00
0.000000000000000000e+00
0.000000000000000000e+00
1.678324392865140945e-04
0.000000000000000000e+00
0.000000000000000000e+00
0.000000000000000000e+00
0.000000000000000000e+00
0.000000000000000000e+00
2.724305740246212715e-05
0.000000000000000000e+00
0.000000000000000000e+00
0.000000000000000000e+00
0.000000000000000000e+00
0.000000000000000000e+00
0.000000000000000000e+00
0.000000000000000000e+00
0.000000000000000000e+00
0.000000000000000000e+00
0.000000000000000000e+00
4.015910773440872251e-03
