7.913605465417896485e-05
0.000000000000000000e+00
0.000000000000000000e+00
0.000000000000000000e+00
0.000000000000000000e+00
0.000000000000000000e+00
0.000000000000000000e+00
0.000000000000000000e+00
0.000000000000000000e+00
2.289925398899797201e-04
0.000000000000000000e+00
3.105676586512213285e-03
7.572530862562746603e-05
8.956930025910941461e-04
0.000000000000000000e+00
0.000000000000000000e+00
0.000000000000000000e+00
0.000000000000000000e+00
2.488268929554988916e-06
3.817399660929121565e-05
0.000000000000000000e+00
0.000000000000000000e+00
0.000000000000000000e+00
0.000000000000000000e+00
1.127449194509399960e-05
0.000000000000000000e+00
0.000000000000000000e+00
0.000000000000000000e+00
0.000000000000000000e+00
0.000000000000000000e+00
5.456574735214430547e-06
0.000000000000000000e+00
4.850120421850366570e-02
9.338416769926860105e-05
4.423209383273961907e-06
0.000000000000000000e+00
0.000000000000000000e+00
0.000000000000000000e+00
0.000000000000000000e+00
5.305397136923464645e-03
0.000000000000000000e+00
0.000000000000000000e+00
0.000000000000000000e+00
0.000000000000000000e+00
1.521581633542691618e-06
3.645474321716456428e-04
7.442255658283875052e-05
3.101457808414838173e-04
0.000000000000000000e+00
2.405376274324445376e-06
9.680298368689195109e-05
0.000000000000000000e+00
0.000000000000000000e+00
0.000000000000000000e+00
0.000000000000000000e+00
0.000000000000000000e+00
9.254857115832287623e-05
8.886932972981545975e-04
0.000000000000000000e+00
0.000000000000000000e+00
2.978725510436926334e-04
0.000000000000000000e+00
0.000000000000000000e+00
0.000000000000000000e+00
0.000000000000000000e+00
0.000000000000000000e+00
0.000000000000000000e+00
0.000000000000000000e+00
1.258138194538885883e-05
3.359394273944135039e-05
0.000000000000000000e+00
0.000000000000000000e+00
0.000000000000000000e+00
2.067841309211950048e-04
0.000000000000000000e+00
0.000000000000000000e+00
1.279919493260687526e-04
0.000000000000000000e+00
0.000000000000000000e+00
0.000000000000000000e+00
0.000000000000000000e+00
0.000000000000000000e+00
0.000000000000000000e+00
0.000000000000000000e+00
5.780675616344517617e-04
0.000000000000000000e+00
0.000000000000000000e+00
4.577607242286429258e-05
0.000000000000000000e+00
2.637287020883275523e-05
0.000000000000000000e+00
0.000000000000000000e+00
0.000000000000000000e+00
1.922615566132806754e-05
2.226909262827251495e-06
0.000000000000000000e+00
2.864879274917938538e-04
8.958278694638909605e-06
0.000000000000000000e+00
3.400866239080544209e-04
0.000000000000000000e+00
0.000000000000000000e+00
0.000000000000000000e+00
0.000000000000000000e+00
0.000000000000000000e+00
0.000000000000000000e+00
0.000000000000000000e+00
0.000000000000000000e+00
5.802030782899429977e-05
3.944703400169688814e-05
0.000000000000000000e+00
7.255851749786243086e-04
0.000000000000000000e+00
0.000000000000000000e+00
7.585699273848652252e-05
0.000000000000000000e+00
0.000000000000000000e+00
0.000000000000000000e+00
0.000000000000000000e+00
0.000000000000000000e+00
0.000000000000000000e+00
6.747141448053994199e-04
0.000000000000000000e+00
0.000000000000000000e+00
2.860914408895048997e-04
2.141100715470414806e-02
0.000000000000000000e+00
0.000000000000000000e+00
0.000000000000000000e+00
0.000000000000000000e+00
0.000000000000000000e+00
0.000000000000000000e+00
0.000000000000000000e+00
0.000000000000000000e+00
0.000000000000000000e+00
0.000000000000000000e+00
0.000000000000000000e+00
0.000000000000000000e+00
1.704904456481371019e-04
4.542090421070600171e-06
0.000000000000000000e+00
0.000000000000000000e+00
0.000000000000000000e+00
0.000000000000000000e+00
0.000000000000000000e+00
0.000000000000000000e+00
6.619967441919908367e-05
0.000000000000000000e+00
5.422375463449805404e-06
1.222573055890514241e-04
0.000000000000000000e+00
0.000000000000000000e+00
0.000000000000000000e+00
0.000000000000000000e+00
0.000000000000000000e+00
0.000000000000000000e+00
0.000000000000000000e+00
0.000000000000000000e+00
0.000000000000000000e+00
0.000000000000000000e+00
0.000000000000000000e+00
0.000000000000000000e+00
0.000000000000000000e+00
0.000000000000000000e+00
0.000000000000000000e+00
0.000000000000000000e+00
0.000000000000000000e+00
0.000000000000000000e+00
0.000000000000000000e+00
3.103039417350025343e-04
0.000000000000000000e+00
4.348198108234802418e-05
0.000000000000000000e+00
0.000000000000000000e+00
3.806035943656914990e-05
4.321957720056348679e-07
4.704385569908483525e-05
0.000000000000000000e+00
1.570882645894346153e-04
2.779009316728494163e-04
0.000000000000000000e+00
1.783674460402992544e-04
3.203530360505314842e-04
1.424235164251370846e-04
0.000000000000000000e+00
0.000000000000000000e+00
0.000000000000000000e+00
0.000000000000000000e+00
5.368720890337940691e-05
0.000000000000000000e+00
0.000000000000000000e+00
0.000000000000000000e+00
0.000000000000000000e+00
5.012855953798288757e-05
0.000000000000000000e+00
0.000000000000000000e+00
0.000000000000000000e+00
1.636609583107013165e-04
0.000000000000000000e+00
0.000000000000000000e+00
0.000000000000000000e+00
0.000000000000000000e+00
0.000000000000000000e+00
1.521230965998233250e-05
0.000000000000000000e+00
0.000000000000000000e+00
0.000000000000000000e+00
0.000000000000000000e+00
0.000000000000000000e+00
0.000000000000000000e+00
0.000000000000000000e+00
0.000000000000000000e+00
0.000000000000000000e+00
0.000000000000000000e+00
9.002115846982542682e-04
