1.574216367183204387e-04
0.000000000000000000e+00
0.000000000000000000e+00
0.000000000000000000e+00
0.000000000000000000e+00
0.000000000000000000e+00
0.000000000000000000e+00
0.000000000000000000e+00
0.000000000000000000e+00
3.129274714633152816e-04
0.000000000000000000e+00
2.806671752625894065e-03
1.094092269775271634e-03
2.806814593181516417e-03
0.000000000000000000e+00
0.000000000000000000e+00
0.000000000000000000e+00
0.000000000000000000e+00
2.151732352828848716e-04
1.131903995906038770e-05
0.000000000000000000e+00
0.000000000000000000e+00
0.000000000000000000e+00
0.000000000000000000e+00
2.807350505700259785e-04
0.000000000000000000e+00
0.000000000000000000e+00
0.000000000000000000e+00
0.000000000000000000e+00
0.000000000000000000e+00
4.830730325952179773e-07
0.000000000000000000e+00
8.449938736623449631e-02
7.131933594275644803e-06
1.065728506562171874e-05
0.000000000000000000e+00
0.000000000000000000e+00
0.000000000000000000e+00
0.000000000000000000e+00
5.724358911035102963e-03
0.000000000000000000e+00
0.000000000000000000e+00
0.000000000000000000e+00
0.000000000000000000e+00
6.374679428421181469e-07
4.693561605929451211e-04
8.502313582970624957e-05
2.465469544481119560e-04
0.000000000000000000e+00
1.972555098687866068e-06
1.838834315285910463e-04
0.000000000000000000e+00
0.000000000000000000e+00
0.000000000000000000e+00
0.000000000000000000e+00
0.000000000000000000e+00
2.337242042211174018e-03
9.032519125483731183e-04
0.000000000000000000e+00
0.000000000000000000e+00
4.109348880941970927e-04
0.000000000000000000e+00
0.000000000000000000e+00
0.000000000000000000e+00
0.000000000000000000e+00
0.000000000000000000e+00
0.000000000000000000e+00
0.000000000000000000e+00
2.642488106603986943e-04
5.000867860604895764e-05
0.000000000000000000e+00
0.000000000000000000e+00
0.000000000000000000e+00
2.517630739324052842e-05
0.000000000000000000e+00
0.000000000000000000e+00
7.101484594269661071e-05
0.000000000000000000e+00
0.000000000000000000e+00
0.000000000000000000e+00
0.000000000000000000e+00
0.000000000000000000e+00
0.000000000000000000e+00
0.000000000000000000e+00
8.451403899225738052e-04
0.000000000000000000e+00
0.000000000000000000e+00
1.236781726903004588e-04
0.000000000000000000e+00
1.395337841835161646e-05
0.000000000000000000e+00
0.000000000000000000e+00
0.000000000000000000e+00
1.129666529232849936e-04
2.688404571457000662e-05
0.000000000000000000e+00
3.957008680376386447e-04
4.955432352514018367e-05
0.000000000000000000e+00
3.532977644987210855e-04
0.000000000000000000e+00
0.000000000000000000e+00
0.000000000000000000e+00
0.000000000000000000e+00
0.000000000000000000e+00
0.000000000000000000e+00
0.000000000000000000e+00
0.000000000000000000e+00
5.800746201601220841e-05
3.685655772951010264e-06
0.000000000000000000e+00
2.732139049343849067e-03
0.000000000000000000e+00
0.000000000000000000e+00
8.291081629870672063e-05
0.000000000000000000e+00
0.000000000000000000e+00
0.000000000000000000e+00
0.000000000000000000e+00
0.000000000000000000e+00
0.000000000000000000e+00
1.185304330003406851e-03
0.000000000000000000e+00
0.000000000000000000e+00
2.863631478100884782e-04
3.197270054588630811e-02
0.000000000000000000e+00
0.000000000000000000e+00
0.000000000000000000e+00
0.000000000000000000e+00
0.000000000000000000e+00
0.000000000000000000e+00
0.000000000000000000e+00
0.000000000000000000e+00
0.000000000000000000e+00
0.000000000000000000e+00
0.000000000000000000e+00
0.000000000000000000e+00
1.171462027341800630e-04
2.352106708369164043e-07
0.000000000000000000e+00
0.000000000000000000e+00
0.000000000000000000e+00
0.000000000000000000e+00
0.000000000000000000e+00
0.000000000000000000e+00
4.336901626275536118e-05
0.000000000000000000e+00
1.612338998018729127e-03
1.178371785775669356e-04
0.000000000000000000e+00
0.000000000000000000e+00
0.000000000000000000e+00
0.000000000000000000e+00
0.000000000000000000e+00
0.000000000000000000e+00
0.000000000000000000e+00
0.000000000000000000e+00
0.000000000000000000e+00
0.000000000000000000e+00
0.000000000000000000e+00
0.000000000000000000e+00
0.000000000000000000e+00
0.000000000000000000e+00
0.000000000000000000e+00
0.000000000000000000e+00
0.000000000000000000e+00
0.000000000000000000e+00
0.000000000000000000e+00
2.953843126179121577e-05
0.000000000000000000e+00
6.375755963462984943e-05
0.000000000000000000e+00
0.000000000000000000e+00
2.624012851317646588e-06
2.279698029972270195e-04
3.081290183613017678e-05
0.000000000000000000e+00
5.800406628741006446e-04
1.404296611854174504e-03
0.000000000000000000e+00
2.100747861953017402e-04
8.701100008549840547e-04
1.454682707193635089e-04
0.000000000000000000e+00
0.000000000000000000e+00
0.000000000000000000e+00
0.000000000000000000e+00
5.335924361735733436e-05
0.000000000000000000e+00
0.000000000000000000e+00
0.000000000000000000e+00
0.000000000000000000e+00
6.957959337544542390e-05
0.000000000000000000e+00
0.000000000000000000e+00
0.000000000000000000e+00
1.108593361574624519e-04
0.000000000000000000e+00
0.000000000000000000e+00
0.000000000000000000e+00
0.000000000000000000e+00
0.000000000000000000e+00
1.521221926539755208e-05
0.000000000000000000e+00
0.000000000000000000e+00
0.000000000000000000e+00
0.000000000000000000e+00
0.000000000000000000e+00
0.000000000000000000e+00
0.000000000000000000e+00
0.000000000000000000e+00
0.000000000000000000e+00
0.000000000000000000e+00
6.755028434302376775e-04
