9.460185270113060903e-05
0.000000000000000000e+00
0.000000000000000000e+00
0.000000000000000000e+00
0.000000000000000000e+00
0.000000000000000000e+00
0.000000000000000000e+00
0.000000000000000000e+00
0.000000000000000000e+00
3.575997738714031436e-09
0.000000000000000000e+00
2.806674507904627532e-03
2.476325352000088398e-05
2.828970305288315557e-03
0.000000000000000000e+00
0.000000000000000000e+00
0.000000000000000000e+00
0.000000000000000000e+00
3.319712517620137110e-06
6.119881617459144553e-05
0.000000000000000000e+00
0.000000000000000000e+00
0.000000000000000000e+00
0.000000000000000000e+00
5.717143803101622907e-05
0.000000000000000000e+00
0.000000000000000000e+00
0.000000000000000000e+00
0.000000000000000000e+00
0.000000000000000000e+00
1.300147969174109419e-06
0.000000000000000000e+00
8.449423610013305497e-02
1.041797867207697675e-04
3.561727335350669480e-05
0.000000000000000000e+00
0.000000000000000000e+00
0.000000000000000000e+00
0.000000000000000000e+00
5.528219514909504806e-03
0.000000000000000000e+00
0.000000000000000000e+00
0.000000000000000000e+00
0.000000000000000000e+00
9.853165202770559145e-07
7.701420274970805944e-05
7.140039833407476428e-05
1.300311956796175179e-04
0.000000000000000000e+00
5.270899320769945198e-05
6.556714940518657746e-05
0.000000000000000000e+00
0.000000000000000000e+00
0.000000000000000000e+00
0.000000000000000000e+00
0.000000000000000000e+00
3.475556266037274980e-04
9.543635080804192323e-06
0.000000000000000000e+00
0.000000000000000000e+00
4.142600408225785070e-04
0.000000000000000000e+00
0.000000000000000000e+00
0.000000000000000000e+00
0.000000000000000000e+00
0.000000000000000000e+00
0.000000000000000000e+00
0.000000000000000000e+00
1.473699543980355959e-04
1.369390452722412895e-04
0.000000000000000000e+00
0.000000000000000000e+00
0.000000000000000000e+00
2.476639724152208252e-06
0.000000000000000000e+00
0.000000000000000000e+00
7.272748648451641824e-05
0.000000000000000000e+00
0.000000000000000000e+00
0.000000000000000000e+00
0.000000000000000000e+00
0.000000000000000000e+00
0.000000000000000000e+00
0.000000000000000000e+00
4.806370484743767608e-04
0.000000000000000000e+00
0.000000000000000000e+00
6.956659483349600815e-05
0.000000000000000000e+00
2.306206237235538210e-05
0.000000000000000000e+00
0.000000000000000000e+00
0.000000000000000000e+00
1.243131213474318322e-04
5.321039902298570295e-06
0.000000000000000000e+00
1.849727511282070729e-03
3.374715352875589156e-05
0.000000000000000000e+00
1.242105886619273951e-03
0.000000000000000000e+00
0.000000000000000000e+00
0.000000000000000000e+00
0.000000000000000000e+00
0.000000000000000000e+00
0.000000000000000000e+00
0.000000000000000000e+00
0.000000000000000000e+00
5.801249631191401088e-05
5.357993195116904284e-06
0.000000000000000000e+00
1.144824723935029777e-03
0.000000000000000000e+00
0.000000000000000000e+00
9.860815152299602930e-05
0.000000000000000000e+00
0.000000000000000000e+00
0.000000000000000000e+00
0.000000000000000000e+00
0.000000000000000000e+00
0.000000000000000000e+00
2.995941714739748952e-03
0.000000000000000000e+00
0.000000000000000000e+00
3.942851821679602652e-04
3.095312515364001538e-02
0.000000000000000000e+00
0.000000000000000000e+00
0.000000000000000000e+00
0.000000000000000000e+00
0.000000000000000000e+00
0.000000000000000000e+00
0.000000000000000000e+00
0.000000000000000000e+00
0.000000000000000000e+00
0.000000000000000000e+00
0.000000000000000000e+00
0.000000000000000000e+00
3.678448733947423157e-06
8.108589791946630985e-06
0.000000000000000000e+00
0.000000000000000000e+00
0.000000000000000000e+00
0.000000000000000000e+00
0.000000000000000000e+00
0.000000000000000000e+00
1.322785927823502748e-04
0.000000000000000000e+00
1.065217896344110944e-03
4.330033878766764710e-04
0.000000000000000000e+00
0.000000000000000000e+00
0.000000000000000000e+00
0.000000000000000000e+00
0.000000000000000000e+00
0.000000000000000000e+00
0.000000000000000000e+00
0.000000000000000000e+00
0.000000000000000000e+00
0.000000000000000000e+00
0.000000000000000000e+00
0.000000000000000000e+00
0.000000000000000000e+00
0.000000000000000000e+00
0.000000000000000000e+00
0.000000000000000000e+00
0.000000000000000000e+00
0.000000000000000000e+00
0.000000000000000000e+00
1.365636458554524797e-04
0.000000000000000000e+00
3.002802394558535339e-05
0.000000000000000000e+00
0.000000000000000000e+00
9.340668478015477403e-05
9.401702487826766892e-04
2.562710482396927036e-04
0.000000000000000000e+00
3.539687664880583769e-04
3.350712636233035163e-04
0.000000000000000000e+00
3.073982583817222545e-05
1.874900262578519348e-03
8.940805029493060954e-05
0.000000000000000000e+00
0.000000000000000000e+00
0.000000000000000000e+00
0.000000000000000000e+00
1.138342061478555894e-04
0.000000000000000000e+00
0.000000000000000000e+00
0.000000000000000000e+00
0.000000000000000000e+00
4.687560994362231503e-06
0.000000000000000000e+00
0.000000000000000000e+00
0.000000000000000000e+00
4.914615271034992653e-05
0.000000000000000000e+00
0.000000000000000000e+00
0.000000000000000000e+00
0.000000000000000000e+00
0.000000000000000000e+00
1.908090467232256935e-05
0.000000000000000000e+00
0.000000000000000000e+00
0.000000000000000000e+00
0.000000000000000000e+00
0.000000000000000000e+00
0.000000000000000000e+00
0.000000000000000000e+00
0.000000000000000000e+00
0.000000000000000000e+00
0.000000000000000000e+00
3.890375574253007729e-03
