3.499626199265260147e-04
0.000000000000000000e+00
0.000000000000000000e+00
0.000000000000000000e+00
0.000000000000000000e+00
0.000000000000000000e+00
0.000000000000000000e+00
0.000000000000000000e+00
0.000000000000000000e+00
2.404590003601395130e-04
0.000000000000000000e+00
7.184684840144535747e-03
1.492219939728265830e-03
1.244531320861174762e-03
0.000000000000000000e+00
0.000000000000000000e+00
0.000000000000000000e+00
0.000000000000000000e+00
2.655163780892833784e-03
5.217409747834734352e-03
0.000000000000000000e+00
0.000000000000000000e+00
0.000000000000000000e+00
0.000000000000000000e+00
8.747893716718428822e-04
0.000000000000000000e+00
0.000000000000000000e+00
0.000000000000000000e+00
0.000000000000000000e+00
0.000000000000000000e+00
2.806429459195784737e-03
0.000000000000000000e+00
5.645628677881060764e-02
3.354643880916924076e-03
4.980539091873746571e+01
0.000000000000000000e+00
0.000000000000000000e+00
0.000000000000000000e+00
0.000000000000000000e+00
3.289244439925458757e-02
0.000000000000000000e+00
0.000000000000000000e+00
0.000000000000000000e+00
0.000000000000000000e+00
6.101952620847195599e-03
1.492628505672991945e-03
5.849203252972981623e-04
4.064884717649808882e-03
0.000000000000000000e+00
2.631117222035730605e-03
1.071183691588840524e-03
0.000000000000000000e+00
0.000000000000000000e+00
0.000000000000000000e+00
0.000000000000000000e+00
0.000000000000000000e+00
3.607347234112313417e-04
6.339585984220664616e-04
0.000000000000000000e+00
0.000000000000000000e+00
3.566722858183607112e-03
0.000000000000000000e+00
0.000000000000000000e+00
0.000000000000000000e+00
0.000000000000000000e+00
0.000000000000000000e+00
0.000000000000000000e+00
0.000000000000000000e+00
2.210696508399266971e-03
7.636275800677702781e-05
0.000000000000000000e+00
0.000000000000000000e+00
0.000000000000000000e+00
2.012045168931195054e-03
0.000000000000000000e+00
0.000000000000000000e+00
1.151710164957307813e-03
0.000000000000000000e+00
0.000000000000000000e+00
0.000000000000000000e+00
0.000000000000000000e+00
0.000000000000000000e+00
0.000000000000000000e+00
0.000000000000000000e+00
3.150050879311179584e-03
0.000000000000000000e+00
0.000000000000000000e+00
1.901137131968785301e-03
0.000000000000000000e+00
7.618468626958804953e-03
0.000000000000000000e+00
0.000000000000000000e+00
0.000000000000000000e+00
2.678259455165292284e-03
6.601951243956795520e-04
0.000000000000000000e+00
1.042339187516909751e-03
4.004622515339366015e-03
0.000000000000000000e+00
8.820597998015373422e-05
0.000000000000000000e+00
0.000000000000000000e+00
0.000000000000000000e+00
0.000000000000000000e+00
0.000000000000000000e+00
0.000000000000000000e+00
0.000000000000000000e+00
0.000000000000000000e+00
4.411589028666224391e-03
5.744372150266913689e-03
0.000000000000000000e+00
1.228501827141742367e-03
0.000000000000000000e+00
0.000000000000000000e+00
5.792777577339283841e-03
0.000000000000000000e+00
0.000000000000000000e+00
0.000000000000000000e+00
0.000000000000000000e+00
0.000000000000000000e+00
0.000000000000000000e+00
4.647459372662695568e-04
0.000000000000000000e+00
0.000000000000000000e+00
3.332173655346851778e-03
3.768459181698197852e-02
0.000000000000000000e+00
0.000000000000000000e+00
0.000000000000000000e+00
0.000000000000000000e+00
0.000000000000000000e+00
0.000000000000000000e+00
0.000000000000000000e+00
0.000000000000000000e+00
0.000000000000000000e+00
0.000000000000000000e+00
0.000000000000000000e+00
0.000000000000000000e+00
5.807977289389360323e-03
3.090310889431627201e-05
0.000000000000000000e+00
0.000000000000000000e+00
0.000000000000000000e+00
0.000000000000000000e+00
0.000000000000000000e+00
0.000000000000000000e+00
4.285832497940201061e-03
0.000000000000000000e+00
8.515729985682723253e-05
1.119376055434273326e-03
0.000000000000000000e+00
0.000000000000000000e+00
0.000000000000000000e+00
0.000000000000000000e+00
0.000000000000000000e+00
0.000000000000000000e+00
0.000000000000000000e+00
0.000000000000000000e+00
0.000000000000000000e+00
0.000000000000000000e+00
0.000000000000000000e+00
0.000000000000000000e+00
0.000000000000000000e+00
0.000000000000000000e+00
0.000000000000000000e+00
0.000000000000000000e+00
0.000000000000000000e+00
0.000000000000000000e+00
0.000000000000000000e+00
1.089195666836432208e-01
0.000000000000000000e+00
1.014890158007264887e-03
0.000000000000000000e+00
0.000000000000000000e+00
2.293477331203450879e-03
7.911692472843880758e-05
2.725899081671831134e-04
0.000000000000000000e+00
3.405022097233137077e-04
1.991429659365988802e-04
0.000000000000000000e+00
1.399555795420579689e-03
7.162089496088906238e-04
6.311892922691124397e-03
0.000000000000000000e+00
0.000000000000000000e+00
0.000000000000000000e+00
0.000000000000000000e+00
3.376667477032360958e-03
0.000000000000000000e+00
0.000000000000000000e+00
0.000000000000000000e+00
0.000000000000000000e+00
3.762887297409509479e-04
0.000000000000000000e+00
0.000000000000000000e+00
0.000000000000000000e+00
6.453459218464942357e-05
0.000000000000000000e+00
0.000000000000000000e+00
0.000000000000000000e+00
0.000000000000000000e+00
0.000000000000000000e+00
5.735370756678626059e-03
0.000000000000000000e+00
0.000000000000000000e+00
0.000000000000000000e+00
0.000000000000000000e+00
0.000000000000000000e+00
0.000000000000000000e+00
0.000000000000000000e+00
0.000000000000000000e+00
0.000000000000000000e+00
0.000000000000000000e+00
3.446331805041606255e-03
