3.964462194863098562e-05
0.000000000000000000e+00
0.000000000000000000e+00
0.000000000000000000e+00
0.000000000000000000e+00
0.000000000000000000e+00
0.000000000000000000e+00
0.000000000000000000e+00
0.000000000000000000e+00
1.032826017408751674e-05
0.000000000000000000e+00
3.323237440937605591e-03
6.755528913550564417e-05
2.727452034491117971e-04
0.000000000000000000e+00
0.000000000000000000e+00
0.000000000000000000e+00
0.000000000000000000e+00
1.927398194435507063e-04
9.041442768480476559e-06
0.000000000000000000e+00
0.000000000000000000e+00
0.000000000000000000e+00
0.000000000000000000e+00
1.554773121027082090e-04
0.000000000000000000e+00
0.000000000000000000e+00
0.000000000000000000e+00
0.000000000000000000e+00
0.000000000000000000e+00
6.177362093786223350e-07
0.000000000000000000e+00
5.761572061477557988e-02
1.727926335088774182e-04
9.919335185778810132e-05
0.000000000000000000e+00
0.000000000000000000e+00
0.000000000000000000e+00
0.000000000000000000e+00
1.534663383315916681e-02
0.000000000000000000e+00
0.000000000000000000e+00
0.000000000000000000e+00
0.000000000000000000e+00
2.216587524200556991e-03
3.990075357023303111e-04
2.767197902973650995e-06
2.084182865624097699e-04
0.000000000000000000e+00
3.682404323383937910e-07
1.522456053993375032e-04
0.000000000000000000e+00
0.000000000000000000e+00
0.000000000000000000e+00
0.000000000000000000e+00
0.000000000000000000e+00
7.867423536379136273e-05
1.623695980789925273e-03
0.000000000000000000e+00
0.000000000000000000e+00
2.479328233443508383e-04
0.000000000000000000e+00
0.000000000000000000e+00
0.000000000000000000e+00
0.000000000000000000e+00
0.000000000000000000e+00
0.000000000000000000e+00
0.000000000000000000e+00
6.004648577368983152e-04
2.693816603305037791e-04
0.000000000000000000e+00
0.000000000000000000e+00
0.000000000000000000e+00
3.911118136766608558e-04
0.000000000000000000e+00
0.000000000000000000e+00
4.317372366588755647e-04
0.000000000000000000e+00
0.000000000000000000e+00
0.000000000000000000e+00
0.000000000000000000e+00
0.000000000000000000e+00
0.000000000000000000e+00
0.000000000000000000e+00
1.270128797384636110e-03
0.000000000000000000e+00
0.000000000000000000e+00
2.607338158176380257e-04
0.000000000000000000e+00
1.975007970499179696e-03
0.000000000000000000e+00
0.000000000000000000e+00
0.000000000000000000e+00
5.481741714670162720e-04
2.336201389153821299e-05
0.000000000000000000e+00
2.818133553897373940e-04
1.357010968756740754e-04
0.000000000000000000e+00
1.653755645675193567e-04
0.000000000000000000e+00
0.000000000000000000e+00
0.000000000000000000e+00
0.000000000000000000e+00
0.000000000000000000e+00
0.000000000000000000e+00
0.000000000000000000e+00
0.000000000000000000e+00
5.206057650864422869e-05
7.481674018308512308e-02
0.000000000000000000e+00
8.935306890561039691e-04
0.000000000000000000e+00
0.000000000000000000e+00
6.950451890780378781e-05
0.000000000000000000e+00
0.000000000000000000e+00
0.000000000000000000e+00
0.000000000000000000e+00
0.000000000000000000e+00
0.000000000000000000e+00
6.991355323951649889e-04
0.000000000000000000e+00
0.000000000000000000e+00
2.763295445784394347e-04
3.749684741523529041e-02
0.000000000000000000e+00
0.000000000000000000e+00
0.000000000000000000e+00
0.000000000000000000e+00
0.000000000000000000e+00
0.000000000000000000e+00
0.000000000000000000e+00
0.000000000000000000e+00
0.000000000000000000e+00
0.000000000000000000e+00
0.000000000000000000e+00
0.000000000000000000e+00
6.742620533484469604e-05
3.419581655975761938e-06
0.000000000000000000e+00
0.000000000000000000e+00
0.000000000000000000e+00
0.000000000000000000e+00
0.000000000000000000e+00
0.000000000000000000e+00
2.972823544372208729e-06
0.000000000000000000e+00
1.221631141456062733e-06
5.883528308547303840e-06
0.000000000000000000e+00
0.000000000000000000e+00
0.000000000000000000e+00
0.000000000000000000e+00
0.000000000000000000e+00
0.000000000000000000e+00
0.000000000000000000e+00
0.000000000000000000e+00
0.000000000000000000e+00
0.000000000000000000e+00
0.000000000000000000e+00
0.000000000000000000e+00
0.000000000000000000e+00
0.000000000000000000e+00
0.000000000000000000e+00
0.000000000000000000e+00
0.000000000000000000e+00
0.000000000000000000e+00
0.000000000000000000e+00
4.751868926331607470e-04
0.000000000000000000e+00
5.226998589596000121e-05
0.000000000000000000e+00
0.000000000000000000e+00
5.480745171612773825e-05
3.242980555778716007e-05
4.672343882626133773e-04
0.000000000000000000e+00
9.770700889411068884e-04
4.336327803674637753e-04
0.000000000000000000e+00
1.762082326450993292e-04
4.914391466200584155e-04
5.882987264431646939e-05
0.000000000000000000e+00
0.000000000000000000e+00
0.000000000000000000e+00
0.000000000000000000e+00
2.925548535359099103e-04
0.000000000000000000e+00
0.000000000000000000e+00
0.000000000000000000e+00
0.000000000000000000e+00
3.719527132494604351e-05
0.000000000000000000e+00
0.000000000000000000e+00
0.000000000000000000e+00
2.618622155843753512e-04
0.000000000000000000e+00
0.000000000000000000e+00
0.000000000000000000e+00
0.000000000000000000e+00
0.000000000000000000e+00
6.607858955413223833e-05
0.000000000000000000e+00
0.000000000000000000e+00
0.000000000000000000e+00
0.000000000000000000e+00
0.000000000000000000e+00
0.000000000000000000e+00
0.000000000000000000e+00
0.000000000000000000e+00
0.000000000000000000e+00
0.000000000000000000e+00
2.982296836139379688e-03
