6.166775030899726941e-05
0.000000000000000000e+00
0.000000000000000000e+00
0.000000000000000000e+00
0.000000000000000000e+00
0.000000000000000000e+00
0.000000000000000000e+00
0.000000000000000000e+00
0.000000000000000000e+00
7.773621909941901649e-06
0.000000000000000000e+00
3.055090300551107762e-03
7.588261050845538399e-05
8.327303074433168488e-04
0.000000000000000000e+00
0.000000000000000000e+00
0.000000000000000000e+00
0.000000000000000000e+00
2.647812941397389985e-04
1.485182934488671006e-05
0.000000000000000000e+00
0.000000000000000000e+00
0.000000000000000000e+00
0.000000000000000000e+00
1.939901124497645651e-04
0.000000000000000000e+00
0.000000000000000000e+00
0.000000000000000000e+00
0.000000000000000000e+00
0.000000000000000000e+00
3.212570519067043032e-07
0.000000000000000000e+00
5.973785384800911480e-02
3.077932638081222103e-04
8.623624925484673525e-05
0.000000000000000000e+00
0.000000000000000000e+00
0.000000000000000000e+00
0.000000000000000000e+00
1.534663046892014750e-02
0.000000000000000000e+00
0.000000000000000000e+00
0.000000000000000000e+00
0.000000000000000000e+00
2.216628944188257094e-03
2.573199612622775615e-04
7.673652931572085145e-07
4.997242520449924090e-04
0.000000000000000000e+00
6.917291851498043529e-06
2.553775599466232395e-04
0.000000000000000000e+00
0.000000000000000000e+00
0.000000000000000000e+00
0.000000000000000000e+00
0.000000000000000000e+00
3.275504640526755515e-05
1.492531772456236845e-03
0.000000000000000000e+00
0.000000000000000000e+00
8.882195042002140654e-05
0.000000000000000000e+00
0.000000000000000000e+00
0.000000000000000000e+00
0.000000000000000000e+00
0.000000000000000000e+00
0.000000000000000000e+00
0.000000000000000000e+00
6.422292133432570349e-04
7.490478253343880446e-05
0.000000000000000000e+00
0.000000000000000000e+00
0.000000000000000000e+00
4.568095561010304824e-04
0.000000000000000000e+00
0.000000000000000000e+00
1.307919707548919734e-04
0.000000000000000000e+00
0.000000000000000000e+00
0.000000000000000000e+00
0.000000000000000000e+00
0.000000000000000000e+00
0.000000000000000000e+00
0.000000000000000000e+00
9.151525521629481994e-04
0.000000000000000000e+00
0.000000000000000000e+00
4.092695728672087765e-04
0.000000000000000000e+00
1.761219736915979042e-03
0.000000000000000000e+00
0.000000000000000000e+00
0.000000000000000000e+00
7.698429854963904050e-04
1.878352622651832262e-06
0.000000000000000000e+00
2.410671998846177020e-04
1.100946596718128549e-04
0.000000000000000000e+00
1.684859573482998750e-04
0.000000000000000000e+00
0.000000000000000000e+00
0.000000000000000000e+00
0.000000000000000000e+00
0.000000000000000000e+00
0.000000000000000000e+00
0.000000000000000000e+00
0.000000000000000000e+00
4.635188540845888900e-05
7.481673989148075743e-02
0.000000000000000000e+00
9.487863018084062485e-04
0.000000000000000000e+00
0.000000000000000000e+00
7.540416219285227327e-05
0.000000000000000000e+00
0.000000000000000000e+00
0.000000000000000000e+00
0.000000000000000000e+00
0.000000000000000000e+00
0.000000000000000000e+00
2.571394414885055089e-04
0.000000000000000000e+00
0.000000000000000000e+00
2.839629824698346162e-04
3.748277813033935868e-02
0.000000000000000000e+00
0.000000000000000000e+00
0.000000000000000000e+00
0.000000000000000000e+00
0.000000000000000000e+00
0.000000000000000000e+00
0.000000000000000000e+00
0.000000000000000000e+00
0.000000000000000000e+00
0.000000000000000000e+00
0.000000000000000000e+00
0.000000000000000000e+00
4.774811265442054575e-05
4.659860837286092343e-06
0.000000000000000000e+00
0.000000000000000000e+00
0.000000000000000000e+00
0.000000000000000000e+00
0.000000000000000000e+00
0.000000000000000000e+00
5.539144694058653394e-06
0.000000000000000000e+00
8.340393478520219755e-06
1.595737789125360176e-04
0.000000000000000000e+00
0.000000000000000000e+00
0.000000000000000000e+00
0.000000000000000000e+00
0.000000000000000000e+00
0.000000000000000000e+00
0.000000000000000000e+00
0.000000000000000000e+00
0.000000000000000000e+00
0.000000000000000000e+00
0.000000000000000000e+00
0.000000000000000000e+00
0.000000000000000000e+00
0.000000000000000000e+00
0.000000000000000000e+00
0.000000000000000000e+00
0.000000000000000000e+00
0.000000000000000000e+00
0.000000000000000000e+00
5.136119131395347698e-04
0.000000000000000000e+00
3.801768475585859505e-05
0.000000000000000000e+00
0.000000000000000000e+00
3.806037071619967270e-05
2.131103433352606982e-05
1.012102060175488474e-04
0.000000000000000000e+00
9.285378319359538328e-04
3.835719468509753149e-04
0.000000000000000000e+00
2.182191810042886438e-04
6.009447701934855519e-04
4.473478551577014177e-05
0.000000000000000000e+00
0.000000000000000000e+00
0.000000000000000000e+00
0.000000000000000000e+00
8.495282694960487157e-05
0.000000000000000000e+00
0.000000000000000000e+00
0.000000000000000000e+00
0.000000000000000000e+00
6.505402586856395483e-06
0.000000000000000000e+00
0.000000000000000000e+00
0.000000000000000000e+00
3.391164035850714872e-04
0.000000000000000000e+00
0.000000000000000000e+00
0.000000000000000000e+00
0.000000000000000000e+00
0.000000000000000000e+00
1.667812030770652088e-05
0.000000000000000000e+00
0.000000000000000000e+00
0.000000000000000000e+00
0.000000000000000000e+00
0.000000000000000000e+00
0.000000000000000000e+00
0.000000000000000000e+00
0.000000000000000000e+00
0.000000000000000000e+00
0.000000000000000000e+00
1.225258390472762750e-03
