1.052685282468581764e-03
0.000000000000000000e+00
0.000000000000000000e+00
0.000000000000000000e+00
0.000000000000000000e+00
0.000000000000000000e+00
0.000000000000000000e+00
0.000000000000000000e+00
0.000000000000000000e+00
4.583691152589656169e-03
0.000000000000000000e+00
4.389372811385857699e-03
4.407696822827020071e-03
4.653635134458619952e-04
0.000000000000000000e+00
0.000000000000000000e+00
0.000000000000000000e+00
0.000000000000000000e+00
6.829756912168652438e-03
8.687810278537587763e-03
0.000000000000000000e+00
0.000000000000000000e+00
0.000000000000000000e+00
0.000000000000000000e+00
3.636382569783576726e-03
0.000000000000000000e+00
0.000000000000000000e+00
0.000000000000000000e+00
0.000000000000000000e+00
0.000000000000000000e+00
1.479229402016083925e-02
0.000000000000000000e+00
1.656287224114205703e-01
9.986866917631984780e-03
1.318060965035600454e-02
0.000000000000000000e+00
0.000000000000000000e+00
0.000000000000000000e+00
0.000000000000000000e+00
3.943019911011397260e-02
0.000000000000000000e+00
0.000000000000000000e+00
0.000000000000000000e+00
0.000000000000000000e+00
1.266668839906009460e-02
6.214299306557714495e-03
4.878632197739989247e-03
1.316023418002926042e-02
0.000000000000000000e+00
8.571949323680999253e-03
4.929285680081794095e-03
0.000000000000000000e+00
0.000000000000000000e+00
0.000000000000000000e+00
0.000000000000000000e+00
0.000000000000000000e+00
4.005618736724720036e-04
4.887415901114769597e-03
0.000000000000000000e+00
0.000000000000000000e+00
7.860268228998915432e-03
0.000000000000000000e+00
0.000000000000000000e+00
0.000000000000000000e+00
0.000000000000000000e+00
0.000000000000000000e+00
0.000000000000000000e+00
0.000000000000000000e+00
7.169287323704623752e-03
1.174735626409251178e-03
0.000000000000000000e+00
0.000000000000000000e+00
0.000000000000000000e+00
5.279515598696548316e-03
0.000000000000000000e+00
0.000000000000000000e+00
6.673416747443847857e-03
0.000000000000000000e+00
0.000000000000000000e+00
0.000000000000000000e+00
0.000000000000000000e+00
0.000000000000000000e+00
0.000000000000000000e+00
0.000000000000000000e+00
6.751114292888776500e-03
0.000000000000000000e+00
0.000000000000000000e+00
7.163583254678651709e-03
0.000000000000000000e+00
1.192734000492338964e-02
0.000000000000000000e+00
0.000000000000000000e+00
0.000000000000000000e+00
8.270515617676792511e-03
2.138761682710182098e-03
0.000000000000000000e+00
4.126614353904193948e-03
7.149083540250830704e-03
0.000000000000000000e+00
1.743402191294101343e-04
0.000000000000000000e+00
0.000000000000000000e+00
0.000000000000000000e+00
0.000000000000000000e+00
0.000000000000000000e+00
0.000000000000000000e+00
0.000000000000000000e+00
0.000000000000000000e+00
1.351175230791691259e-02
9.144587967544868037e-03
0.000000000000000000e+00
6.178031112138509544e-06
0.000000000000000000e+00
0.000000000000000000e+00
1.243338206993151174e-02
0.000000000000000000e+00
0.000000000000000000e+00
0.000000000000000000e+00
0.000000000000000000e+00
0.000000000000000000e+00
0.000000000000000000e+00
2.502557432608311459e-03
0.000000000000000000e+00
0.000000000000000000e+00
7.825526069194860962e-03
5.071198788297371501e-02
0.000000000000000000e+00
0.000000000000000000e+00
0.000000000000000000e+00
0.000000000000000000e+00
0.000000000000000000e+00
0.000000000000000000e+00
0.000000000000000000e+00
0.000000000000000000e+00
0.000000000000000000e+00
0.000000000000000000e+00
0.000000000000000000e+00
0.000000000000000000e+00
9.926163648035876697e-03
3.231443739626749354e-04
0.000000000000000000e+00
0.000000000000000000e+00
0.000000000000000000e+00
0.000000000000000000e+00
0.000000000000000000e+00
0.000000000000000000e+00
8.962599208715652313e-03
0.000000000000000000e+00
6.653960728996417915e-04
3.786283462560698174e-03
0.000000000000000000e+00
0.000000000000000000e+00
0.000000000000000000e+00
0.000000000000000000e+00
0.000000000000000000e+00
0.000000000000000000e+00
0.000000000000000000e+00
0.000000000000000000e+00
0.000000000000000000e+00
0.000000000000000000e+00
0.000000000000000000e+00
0.000000000000000000e+00
0.000000000000000000e+00
0.000000000000000000e+00
0.000000000000000000e+00
0.000000000000000000e+00
0.000000000000000000e+00
0.000000000000000000e+00
0.000000000000000000e+00
9.137912156674865560e-03
0.000000000000000000e+00
4.837746231749106424e-03
0.000000000000000000e+00
0.000000000000000000e+00
7.492534097388714627e-03
6.361369254360597436e-04
2.485991181168874069e-03
0.000000000000000000e+00
4.833105036988773889e-03
1.946084641409235238e-03
0.000000000000000000e+00
3.772902103537519557e-03
4.900542504185127677e-07
9.588588489369919907e-03
0.000000000000000000e+00
0.000000000000000000e+00
0.000000000000000000e+00
0.000000000000000000e+00
8.806712464076344588e-03
0.000000000000000000e+00
0.000000000000000000e+00
0.000000000000000000e+00
0.000000000000000000e+00
1.293617535754289326e-05
0.000000000000000000e+00
0.000000000000000000e+00
0.000000000000000000e+00
2.707421315691922910e-03
0.000000000000000000e+00
0.000000000000000000e+00
0.000000000000000000e+00
0.000000000000000000e+00
0.000000000000000000e+00
9.806930304653233357e-03
0.000000000000000000e+00
0.000000000000000000e+00
0.000000000000000000e+00
0.000000000000000000e+00
0.000000000000000000e+00
0.000000000000000000e+00
0.000000000000000000e+00
0.000000000000000000e+00
0.000000000000000000e+00
0.000000000000000000e+00
9.162283874494258924e-04
