9.010802396137627089e-05
0.000000000000000000e+00
0.000000000000000000e+00
0.000000000000000000e+00
0.000000000000000000e+00
0.000000000000000000e+00
0.000000000000000000e+00
0.000000000000000000e+00
0.000000000000000000e+00
5.722963267685930604e-06
0.000000000000000000e+00
3.105676623637505709e-03
7.288085128506181798e-05
8.755076702869334115e-05
0.000000000000000000e+00
0.000000000000000000e+00
0.000000000000000000e+00
0.000000000000000000e+00
3.151385066556795051e-04
3.031294057884812175e-05
0.000000000000000000e+00
0.000000000000000000e+00
0.000000000000000000e+00
0.000000000000000000e+00
2.309749461040404360e-04
0.000000000000000000e+00
0.000000000000000000e+00
0.000000000000000000e+00
0.000000000000000000e+00
0.000000000000000000e+00
6.596947955356744755e-05
0.000000000000000000e+00
5.763466372291076861e-02
3.263709200696956504e-04
1.163091289814853371e-04
0.000000000000000000e+00
0.000000000000000000e+00
0.000000000000000000e+00
0.000000000000000000e+00
1.590842867762070137e-02
0.000000000000000000e+00
0.000000000000000000e+00
0.000000000000000000e+00
0.000000000000000000e+00
3.090069944104074842e-03
3.223798657358676765e-04
4.173504611561577299e-08
2.902075332399638033e-04
0.000000000000000000e+00
3.562849076093599750e-05
1.379335918945495361e-04
0.000000000000000000e+00
0.000000000000000000e+00
0.000000000000000000e+00
0.000000000000000000e+00
0.000000000000000000e+00
9.254889263606838265e-05
1.132513736878768646e-03
0.000000000000000000e+00
0.000000000000000000e+00
2.262035927060186398e-04
0.000000000000000000e+00
0.000000000000000000e+00
0.000000000000000000e+00
0.000000000000000000e+00
0.000000000000000000e+00
0.000000000000000000e+00
0.000000000000000000e+00
4.549860243388428316e-01
5.204829948168080951e-04
0.000000000000000000e+00
0.000000000000000000e+00
0.000000000000000000e+00
2.067841247484083578e-04
0.000000000000000000e+00
0.000000000000000000e+00
1.066385764366262738e-04
0.000000000000000000e+00
0.000000000000000000e+00
0.000000000000000000e+00
0.000000000000000000e+00
0.000000000000000000e+00
0.000000000000000000e+00
0.000000000000000000e+00
5.780674719495004560e-04
0.000000000000000000e+00
0.000000000000000000e+00
1.740511249168667177e-04
0.000000000000000000e+00
1.814677833249810730e-03
0.000000000000000000e+00
0.000000000000000000e+00
0.000000000000000000e+00
1.000645187510903859e-02
1.709776482517425480e-05
0.000000000000000000e+00
2.864879405760884065e-04
1.199857135663490317e-04
0.000000000000000000e+00
3.400862701998249400e-04
0.000000000000000000e+00
0.000000000000000000e+00
0.000000000000000000e+00
0.000000000000000000e+00
0.000000000000000000e+00
0.000000000000000000e+00
0.000000000000000000e+00
0.000000000000000000e+00
5.897866590257399118e-05
3.727374249594261803e-03
0.000000000000000000e+00
7.255852040910575843e-04
0.000000000000000000e+00
0.000000000000000000e+00
7.052865903820423085e-05
0.000000000000000000e+00
0.000000000000000000e+00
0.000000000000000000e+00
0.000000000000000000e+00
0.000000000000000000e+00
0.000000000000000000e+00
1.974743842725859807e-05
0.000000000000000000e+00
0.000000000000000000e+00
2.653015901951294897e-04
3.745945549221655485e-02
0.000000000000000000e+00
0.000000000000000000e+00
0.000000000000000000e+00
0.000000000000000000e+00
0.000000000000000000e+00
0.000000000000000000e+00
0.000000000000000000e+00
0.000000000000000000e+00
0.000000000000000000e+00
0.000000000000000000e+00
0.000000000000000000e+00
0.000000000000000000e+00
1.442847064777832422e-01
5.317854344097340098e-07
0.000000000000000000e+00
0.000000000000000000e+00
0.000000000000000000e+00
0.000000000000000000e+00
0.000000000000000000e+00
0.000000000000000000e+00
2.443904535136798415e-06
0.000000000000000000e+00
5.422352475374964158e-06
3.706152988123939889e-06
0.000000000000000000e+00
0.000000000000000000e+00
0.000000000000000000e+00
0.000000000000000000e+00
0.000000000000000000e+00
0.000000000000000000e+00
0.000000000000000000e+00
0.000000000000000000e+00
0.000000000000000000e+00
0.000000000000000000e+00
0.000000000000000000e+00
0.000000000000000000e+00
0.000000000000000000e+00
0.000000000000000000e+00
0.000000000000000000e+00
0.000000000000000000e+00
0.000000000000000000e+00
0.000000000000000000e+00
0.000000000000000000e+00
5.798073980407029374e-04
0.000000000000000000e+00
5.283063541658883280e-05
0.000000000000000000e+00
0.000000000000000000e+00
3.806008896800844814e-05
2.431505884717153078e-05
5.120015604096792667e-04
0.000000000000000000e+00
9.994291469153414667e-04
5.940085412924775649e-04
0.000000000000000000e+00
1.783672568437300087e-04
4.349789762043203235e-04
3.182721662875573099e-05
0.000000000000000000e+00
0.000000000000000000e+00
0.000000000000000000e+00
0.000000000000000000e+00
1.730066727341057981e-04
0.000000000000000000e+00
0.000000000000000000e+00
0.000000000000000000e+00
0.000000000000000000e+00
5.012854114829517929e-05
0.000000000000000000e+00
0.000000000000000000e+00
0.000000000000000000e+00
1.887353242455598059e-04
0.000000000000000000e+00
0.000000000000000000e+00
0.000000000000000000e+00
0.000000000000000000e+00
0.000000000000000000e+00
7.460183907727189643e-05
0.000000000000000000e+00
0.000000000000000000e+00
0.000000000000000000e+00
0.000000000000000000e+00
0.000000000000000000e+00
0.000000000000000000e+00
0.000000000000000000e+00
0.000000000000000000e+00
0.000000000000000000e+00
0.000000000000000000e+00
9.002114115855290501e-04
