5.796332802260901470e-06
0.000000000000000000e+00
0.000000000000000000e+00
0.000000000000000000e+00
0.000000000000000000e+00
0.000000000000000000e+00
0.000000000000000000e+00
0.000000000000000000e+00
0.000000000000000000e+00
2.781337327074002556e-07
0.000000000000000000e+00
8.354673874803283593e-03
1.552055798847867840e-04
2.688326058033292578e-03
0.000000000000000000e+00
0.000000000000000000e+00
0.000000000000000000e+00
0.000000000000000000e+00
8.665485096550093655e-08
3.327238322134575899e-05
0.000000000000000000e+00
0.000000000000000000e+00
0.000000000000000000e+00
0.000000000000000000e+00
3.804563090768079206e-04
0.000000000000000000e+00
0.000000000000000000e+00
0.000000000000000000e+00
0.000000000000000000e+00
0.000000000000000000e+00
2.046407779109142904e-07
0.000000000000000000e+00
8.449244033293674960e-02
7.605293396069918023e-05
1.705054483011019840e-06
0.000000000000000000e+00
0.000000000000000000e+00
0.000000000000000000e+00
0.000000000000000000e+00
5.513295700510179899e-03
0.000000000000000000e+00
0.000000000000000000e+00
0.000000000000000000e+00
0.000000000000000000e+00
1.568082800473260410e-05
2.751700313831991702e-05
1.074901459965193064e-04
3.013111204622737440e-04
0.000000000000000000e+00
1.593327157268850246e-04
1.222031727025299388e-04
0.000000000000000000e+00
0.000000000000000000e+00
0.000000000000000000e+00
0.000000000000000000e+00
0.000000000000000000e+00
1.723292040620489794e-03
5.609948823844926413e-06
0.000000000000000000e+00
0.000000000000000000e+00
7.783161879822916591e-04
0.000000000000000000e+00
0.000000000000000000e+00
0.000000000000000000e+00
0.000000000000000000e+00
0.000000000000000000e+00
0.000000000000000000e+00
0.000000000000000000e+00
4.121442593240194283e-04
4.964701452954765052e-05
0.000000000000000000e+00
0.000000000000000000e+00
0.000000000000000000e+00
2.862470536817493657e-04
0.000000000000000000e+00
0.000000000000000000e+00
2.554656315432599837e-04
0.000000000000000000e+00
0.000000000000000000e+00
0.000000000000000000e+00
0.000000000000000000e+00
0.000000000000000000e+00
0.000000000000000000e+00
0.000000000000000000e+00
1.419482045690397714e-04
0.000000000000000000e+00
0.000000000000000000e+00
3.451283261619908819e-05
0.000000000000000000e+00
1.048134386875357749e-04
0.000000000000000000e+00
0.000000000000000000e+00
0.000000000000000000e+00
2.164956977362399873e-05
6.862467089375886423e-06
0.000000000000000000e+00
2.453747330869463709e-04
6.060097269828762395e-06
0.000000000000000000e+00
2.470765121812830396e-05
0.000000000000000000e+00
0.000000000000000000e+00
0.000000000000000000e+00
0.000000000000000000e+00
0.000000000000000000e+00
0.000000000000000000e+00
0.000000000000000000e+00
0.000000000000000000e+00
4.619456656484671964e-05
8.886210576439902299e-06
0.000000000000000000e+00
2.971571267736239537e-03
0.000000000000000000e+00
0.000000000000000000e+00
6.301773600511226725e-05
0.000000000000000000e+00
0.000000000000000000e+00
0.000000000000000000e+00
0.000000000000000000e+00
0.000000000000000000e+00
0.000000000000000000e+00
1.101541790875621872e-03
0.000000000000000000e+00
0.000000000000000000e+00
4.791433722446721694e-04
2.157678984001518141e-02
0.000000000000000000e+00
0.000000000000000000e+00
0.000000000000000000e+00
0.000000000000000000e+00
0.000000000000000000e+00
0.000000000000000000e+00
0.000000000000000000e+00
0.000000000000000000e+00
0.000000000000000000e+00
0.000000000000000000e+00
0.000000000000000000e+00
0.000000000000000000e+00
2.113273785466050233e-05
1.311645321344048012e-05
0.000000000000000000e+00
0.000000000000000000e+00
0.000000000000000000e+00
0.000000000000000000e+00
0.000000000000000000e+00
0.000000000000000000e+00
2.585984280357524177e-05
0.000000000000000000e+00
2.873547745670746237e-03
4.092171602747094882e-04
0.000000000000000000e+00
0.000000000000000000e+00
0.000000000000000000e+00
0.000000000000000000e+00
0.000000000000000000e+00
0.000000000000000000e+00
0.000000000000000000e+00
0.000000000000000000e+00
0.000000000000000000e+00
0.000000000000000000e+00
0.000000000000000000e+00
0.000000000000000000e+00
0.000000000000000000e+00
0.000000000000000000e+00
0.000000000000000000e+00
0.000000000000000000e+00
0.000000000000000000e+00
0.000000000000000000e+00
0.000000000000000000e+00
1.324578559788173906e-04
0.000000000000000000e+00
2.092853337208943563e-05
0.000000000000000000e+00
0.000000000000000000e+00
9.617355614789542867e-06
1.927878889147345272e-04
3.078888063033212197e-05
0.000000000000000000e+00
1.781319260754199820e-04
6.683441904603179507e-04
0.000000000000000000e+00
2.161712738800675585e-05
9.781304038228514752e-04
9.487987189204276025e-05
0.000000000000000000e+00
0.000000000000000000e+00
0.000000000000000000e+00
0.000000000000000000e+00
7.076802973420129100e-05
0.000000000000000000e+00
0.000000000000000000e+00
0.000000000000000000e+00
0.000000000000000000e+00
1.604147843792289073e-03
0.000000000000000000e+00
0.000000000000000000e+00
0.000000000000000000e+00
1.453710397240888335e-04
0.000000000000000000e+00
0.000000000000000000e+00
0.000000000000000000e+00
0.000000000000000000e+00
0.000000000000000000e+00
2.049372634328814995e-03
0.000000000000000000e+00
0.000000000000000000e+00
0.000000000000000000e+00
0.000000000000000000e+00
0.000000000000000000e+00
0.000000000000000000e+00
0.000000000000000000e+00
0.000000000000000000e+00
0.000000000000000000e+00
0.000000000000000000e+00
4.425712206967573337e-03
