3.499621315915438626e-04
0.000000000000000000e+00
0.000000000000000000e+00
0.000000000000000000e+00
0.000000000000000000e+00
0.000000000000000000e+00
0.000000000000000000e+00
0.000000000000000000e+00
0.000000000000000000e+00
2.404589824633527858e-04
0.000000000000000000e+00
7.184685656364089498e-03
1.492220095234630776e-03
1.244539150815441751e-03
0.000000000000000000e+00
0.000000000000000000e+00
0.000000000000000000e+00
0.000000000000000000e+00
2.655164581344915571e-03
5.217408545060704672e-03
0.000000000000000000e+00
0.000000000000000000e+00
0.000000000000000000e+00
0.000000000000000000e+00
8.747931956646770721e-04
0.000000000000000000e+00
0.000000000000000000e+00
0.000000000000000000e+00
0.000000000000000000e+00
0.000000000000000000e+00
2.806429130133295240e-03
0.000000000000000000e+00
5.645640576822235496e-02
3.354644736086069643e-03
7.367596400234904808e-03
0.000000000000000000e+00
0.000000000000000000e+00
0.000000000000000000e+00
0.000000000000000000e+00
3.295004395302084804e-02
0.000000000000000000e+00
0.000000000000000000e+00
0.000000000000000000e+00
0.000000000000000000e+00
6.101946652360990334e-03
1.492626561686964237e-03
5.849201930323952477e-04
4.064886996185628973e-03
0.000000000000000000e+00
2.631108534452288473e-03
1.071183710077263556e-03
0.000000000000000000e+00
0.000000000000000000e+00
0.000000000000000000e+00
0.000000000000000000e+00
0.000000000000000000e+00
3.534867435994476655e-04
6.339601402441994273e-04
0.000000000000000000e+00
0.000000000000000000e+00
3.566720406961490768e-03
0.000000000000000000e+00
0.000000000000000000e+00
0.000000000000000000e+00
0.000000000000000000e+00
0.000000000000000000e+00
0.000000000000000000e+00
0.000000000000000000e+00
2.210697604936389792e-03
7.636568758992151454e-05
0.000000000000000000e+00
0.000000000000000000e+00
0.000000000000000000e+00
2.012044998566084146e-03
0.000000000000000000e+00
0.000000000000000000e+00
1.151710005491992077e-03
0.000000000000000000e+00
0.000000000000000000e+00
0.000000000000000000e+00
0.000000000000000000e+00
0.000000000000000000e+00
0.000000000000000000e+00
0.000000000000000000e+00
3.150051576078175247e-03
0.000000000000000000e+00
0.000000000000000000e+00
1.901137178633249694e-03
0.000000000000000000e+00
7.618486342597737340e-03
0.000000000000000000e+00
0.000000000000000000e+00
0.000000000000000000e+00
2.678253800987185230e-03
6.601975219757539150e-04
0.000000000000000000e+00
1.042339244469309145e-03
4.004605291263536350e-03
0.000000000000000000e+00
8.820611999271516131e-05
0.000000000000000000e+00
0.000000000000000000e+00
0.000000000000000000e+00
0.000000000000000000e+00
0.000000000000000000e+00
0.000000000000000000e+00
0.000000000000000000e+00
0.000000000000000000e+00
4.411590538376096264e-03
5.744370182957619919e-03
0.000000000000000000e+00
1.228502585086300829e-03
0.000000000000000000e+00
0.000000000000000000e+00
5.792777662738421256e-03
0.000000000000000000e+00
0.000000000000000000e+00
0.000000000000000000e+00
0.000000000000000000e+00
0.000000000000000000e+00
0.000000000000000000e+00
4.647459454935703419e-04
0.000000000000000000e+00
0.000000000000000000e+00
3.332173966930181662e-03
3.768459253675318643e-02
0.000000000000000000e+00
0.000000000000000000e+00
0.000000000000000000e+00
0.000000000000000000e+00
0.000000000000000000e+00
0.000000000000000000e+00
0.000000000000000000e+00
0.000000000000000000e+00
0.000000000000000000e+00
0.000000000000000000e+00
0.000000000000000000e+00
0.000000000000000000e+00
5.807982179633277599e-03
3.122357849676914686e-05
0.000000000000000000e+00
0.000000000000000000e+00
0.000000000000000000e+00
0.000000000000000000e+00
0.000000000000000000e+00
0.000000000000000000e+00
4.285833809928013723e-03
0.000000000000000000e+00
8.515718857657336781e-05
1.119379538451313475e-03
0.000000000000000000e+00
0.000000000000000000e+00
0.000000000000000000e+00
0.000000000000000000e+00
0.000000000000000000e+00
0.000000000000000000e+00
0.000000000000000000e+00
0.000000000000000000e+00
0.000000000000000000e+00
0.000000000000000000e+00
0.000000000000000000e+00
0.000000000000000000e+00
0.000000000000000000e+00
0.000000000000000000e+00
0.000000000000000000e+00
0.000000000000000000e+00
0.000000000000000000e+00
0.000000000000000000e+00
0.000000000000000000e+00
6.004475903584354478e-03
0.000000000000000000e+00
1.014889443729442451e-03
0.000000000000000000e+00
0.000000000000000000e+00
2.293476857708262942e-03
7.911929024533576721e-05
2.725901731108939640e-04
0.000000000000000000e+00
3.405032428118346874e-04
1.991437507444011488e-04
0.000000000000000000e+00
1.399555729469742884e-03
7.162087722819563459e-04
6.311927632089151148e-03
0.000000000000000000e+00
0.000000000000000000e+00
0.000000000000000000e+00
0.000000000000000000e+00
3.380928126851916182e-03
0.000000000000000000e+00
0.000000000000000000e+00
0.000000000000000000e+00
0.000000000000000000e+00
3.762887917597013262e-04
0.000000000000000000e+00
0.000000000000000000e+00
0.000000000000000000e+00
6.453457486471411556e-05
0.000000000000000000e+00
0.000000000000000000e+00
0.000000000000000000e+00
0.000000000000000000e+00
0.000000000000000000e+00
5.735372872862238951e-03
0.000000000000000000e+00
0.000000000000000000e+00
0.000000000000000000e+00
0.000000000000000000e+00
0.000000000000000000e+00
0.000000000000000000e+00
0.000000000000000000e+00
0.000000000000000000e+00
0.000000000000000000e+00
0.000000000000000000e+00
3.446336755306428010e-03
