9.010791364678204663e-05
0.000000000000000000e+00
0.000000000000000000e+00
0.000000000000000000e+00
0.000000000000000000e+00
0.000000000000000000e+00
0.000000000000000000e+00
0.000000000000000000e+00
0.000000000000000000e+00
5.722967459104921866e-06
0.000000000000000000e+00
3.105676658441032523e-03
7.288080534135151531e-05
8.956930425066724757e-04
0.000000000000000000e+00
0.000000000000000000e+00
0.000000000000000000e+00
0.000000000000000000e+00
3.151378611878879305e-04
3.031295758434768289e-05
0.000000000000000000e+00
0.000000000000000000e+00
0.000000000000000000e+00
0.000000000000000000e+00
2.309756738298180236e-04
0.000000000000000000e+00
0.000000000000000000e+00
0.000000000000000000e+00
0.000000000000000000e+00
0.000000000000000000e+00
8.203321677623527999e-03
0.000000000000000000e+00
5.763466419765249371e-02
3.263707464304988794e-04
1.163096746469462054e-04
0.000000000000000000e+00
0.000000000000000000e+00
0.000000000000000000e+00
0.000000000000000000e+00
1.590842812719284877e-02
0.000000000000000000e+00
0.000000000000000000e+00
0.000000000000000000e+00
0.000000000000000000e+00
3.090077042122663098e-03
3.223799392567960084e-04
4.173436693284412722e-08
2.902051351988111077e-04
0.000000000000000000e+00
3.562844866096752763e-05
1.218258465396540970e-04
0.000000000000000000e+00
0.000000000000000000e+00
0.000000000000000000e+00
0.000000000000000000e+00
0.000000000000000000e+00
9.254878518608492866e-05
1.132513780347837052e-03
0.000000000000000000e+00
0.000000000000000000e+00
2.262035393567089693e-04
0.000000000000000000e+00
0.000000000000000000e+00
0.000000000000000000e+00
0.000000000000000000e+00
0.000000000000000000e+00
0.000000000000000000e+00
0.000000000000000000e+00
9.818544753463277243e-04
5.204830649823644030e-04
0.000000000000000000e+00
0.000000000000000000e+00
0.000000000000000000e+00
2.067841529885835572e-04
0.000000000000000000e+00
0.000000000000000000e+00
1.066386160728761224e-04
0.000000000000000000e+00
0.000000000000000000e+00
0.000000000000000000e+00
0.000000000000000000e+00
0.000000000000000000e+00
0.000000000000000000e+00
0.000000000000000000e+00
5.780674757351647293e-04
0.000000000000000000e+00
0.000000000000000000e+00
1.740511332995099843e-04
0.000000000000000000e+00
1.814677133913944820e-03
0.000000000000000000e+00
0.000000000000000000e+00
0.000000000000000000e+00
8.838757931730723645e-04
1.709781023521270604e-05
0.000000000000000000e+00
2.864879043512014384e-04
1.199852330219798965e-04
0.000000000000000000e+00
3.400860215783482895e-04
0.000000000000000000e+00
0.000000000000000000e+00
0.000000000000000000e+00
0.000000000000000000e+00
0.000000000000000000e+00
0.000000000000000000e+00
0.000000000000000000e+00
0.000000000000000000e+00
5.897864656204820791e-05
3.727374460567823775e-03
0.000000000000000000e+00
7.255850054889974397e-04
0.000000000000000000e+00
0.000000000000000000e+00
7.052869218787360104e-05
0.000000000000000000e+00
0.000000000000000000e+00
0.000000000000000000e+00
0.000000000000000000e+00
0.000000000000000000e+00
0.000000000000000000e+00
1.974744542984791933e-05
0.000000000000000000e+00
0.000000000000000000e+00
2.653022196258951362e-04
3.745945637403268885e-02
0.000000000000000000e+00
0.000000000000000000e+00
0.000000000000000000e+00
0.000000000000000000e+00
0.000000000000000000e+00
0.000000000000000000e+00
0.000000000000000000e+00
0.000000000000000000e+00
0.000000000000000000e+00
0.000000000000000000e+00
0.000000000000000000e+00
0.000000000000000000e+00
5.234839701827218820e-05
5.317850062953157761e-07
0.000000000000000000e+00
0.000000000000000000e+00
0.000000000000000000e+00
0.000000000000000000e+00
0.000000000000000000e+00
0.000000000000000000e+00
2.443905173070616751e-06
0.000000000000000000e+00
5.422397610415102440e-06
3.706085350398259627e-06
0.000000000000000000e+00
0.000000000000000000e+00
0.000000000000000000e+00
0.000000000000000000e+00
0.000000000000000000e+00
0.000000000000000000e+00
0.000000000000000000e+00
0.000000000000000000e+00
0.000000000000000000e+00
0.000000000000000000e+00
0.000000000000000000e+00
0.000000000000000000e+00
0.000000000000000000e+00
0.000000000000000000e+00
0.000000000000000000e+00
0.000000000000000000e+00
0.000000000000000000e+00
0.000000000000000000e+00
0.000000000000000000e+00
5.798079335599958016e-04
0.000000000000000000e+00
5.283063083648291208e-05
0.000000000000000000e+00
0.000000000000000000e+00
3.806007535284579416e-05
2.431508769537258721e-05
5.120011438724101803e-04
0.000000000000000000e+00
9.994290863117470582e-04
5.940077101605149412e-04
0.000000000000000000e+00
1.783671168810053575e-04
4.349788260409722046e-04
3.182717415602492715e-05
0.000000000000000000e+00
0.000000000000000000e+00
0.000000000000000000e+00
0.000000000000000000e+00
1.730067015594993947e-04
0.000000000000000000e+00
0.000000000000000000e+00
0.000000000000000000e+00
0.000000000000000000e+00
5.012850995435596293e-05
0.000000000000000000e+00
0.000000000000000000e+00
0.000000000000000000e+00
1.887353764245088201e-04
0.000000000000000000e+00
0.000000000000000000e+00
0.000000000000000000e+00
0.000000000000000000e+00
0.000000000000000000e+00
7.460186008923384219e-05
0.000000000000000000e+00
0.000000000000000000e+00
0.000000000000000000e+00
0.000000000000000000e+00
0.000000000000000000e+00
0.000000000000000000e+00
0.000000000000000000e+00
0.000000000000000000e+00
0.000000000000000000e+00
0.000000000000000000e+00
9.002114055094318510e-04
