1.734750456835990496e-04
0.000000000000000000e+00
0.000000000000000000e+00
0.000000000000000000e+00
0.000000000000000000e+00
0.000000000000000000e+00
0.000000000000000000e+00
0.000000000000000000e+00
0.000000000000000000e+00
4.977337733323228780e-06
0.000000000000000000e+00
5.738064951931844300e-03
1.165540091575833110e-04
1.469545809167996766e-03
0.000000000000000000e+00
0.000000000000000000e+00
0.000000000000000000e+00
0.000000000000000000e+00
3.929022143187849413e-06
4.310655865575414771e-05
0.000000000000000000e+00
0.000000000000000000e+00
0.000000000000000000e+00
0.000000000000000000e+00
2.679808048043918028e-05
0.000000000000000000e+00
0.000000000000000000e+00
0.000000000000000000e+00
0.000000000000000000e+00
0.000000000000000000e+00
1.750532514163259042e-06
0.000000000000000000e+00
1.033051095286670468e-01
2.061467531183347457e-04
5.416195076766033144e-06
0.000000000000000000e+00
0.000000000000000000e+00
0.000000000000000000e+00
0.000000000000000000e+00
5.308133729130489961e-03
0.000000000000000000e+00
0.000000000000000000e+00
0.000000000000000000e+00
0.000000000000000000e+00
5.311873706022747613e-05
2.901640331974857036e-04
9.786042963624788529e-05
3.575204443207792853e-04
0.000000000000000000e+00
1.518022919009693122e-05
1.036399360776115846e-04
0.000000000000000000e+00
0.000000000000000000e+00
0.000000000000000000e+00
0.000000000000000000e+00
0.000000000000000000e+00
1.568140235136872198e-03
4.111519324490064026e-05
0.000000000000000000e+00
0.000000000000000000e+00
8.809326772640989301e-04
0.000000000000000000e+00
0.000000000000000000e+00
0.000000000000000000e+00
0.000000000000000000e+00
0.000000000000000000e+00
0.000000000000000000e+00
0.000000000000000000e+00
1.027133837035014170e-04
4.776536803208087913e-05
0.000000000000000000e+00
0.000000000000000000e+00
0.000000000000000000e+00
8.909100475014774894e-05
0.000000000000000000e+00
0.000000000000000000e+00
2.151339096744014543e-04
0.000000000000000000e+00
0.000000000000000000e+00
0.000000000000000000e+00
0.000000000000000000e+00
0.000000000000000000e+00
0.000000000000000000e+00
0.000000000000000000e+00
5.240807768026473903e-04
0.000000000000000000e+00
0.000000000000000000e+00
4.640726533345786013e-05
0.000000000000000000e+00
3.458527901656710210e-05
0.000000000000000000e+00
0.000000000000000000e+00
0.000000000000000000e+00
2.052128793303405294e-05
2.642031011972034486e-06
0.000000000000000000e+00
6.155917871232599852e-04
1.170274702152257781e-05
0.000000000000000000e+00
1.325529844740981904e-05
0.000000000000000000e+00
0.000000000000000000e+00
0.000000000000000000e+00
0.000000000000000000e+00
0.000000000000000000e+00
0.000000000000000000e+00
0.000000000000000000e+00
0.000000000000000000e+00
6.150500493854210336e-05
7.481673960713708382e-02
0.000000000000000000e+00
1.810964343566494458e-03
0.000000000000000000e+00
0.000000000000000000e+00
6.804427436137427813e-05
0.000000000000000000e+00
0.000000000000000000e+00
0.000000000000000000e+00
0.000000000000000000e+00
0.000000000000000000e+00
0.000000000000000000e+00
1.372059634273225430e-03
0.000000000000000000e+00
0.000000000000000000e+00
1.537825788647243690e-04
2.261967093539261897e-02
0.000000000000000000e+00
0.000000000000000000e+00
0.000000000000000000e+00
0.000000000000000000e+00
0.000000000000000000e+00
0.000000000000000000e+00
0.000000000000000000e+00
0.000000000000000000e+00
0.000000000000000000e+00
0.000000000000000000e+00
0.000000000000000000e+00
0.000000000000000000e+00
8.302767984757357161e-05
1.762047697356976890e-06
0.000000000000000000e+00
0.000000000000000000e+00
0.000000000000000000e+00
0.000000000000000000e+00
0.000000000000000000e+00
0.000000000000000000e+00
1.867685934905000155e-04
0.000000000000000000e+00
2.171603099345683133e-05
9.309494037125585347e-05
0.000000000000000000e+00
0.000000000000000000e+00
0.000000000000000000e+00
0.000000000000000000e+00
0.000000000000000000e+00
0.000000000000000000e+00
0.000000000000000000e+00
0.000000000000000000e+00
0.000000000000000000e+00
0.000000000000000000e+00
0.000000000000000000e+00
0.000000000000000000e+00
0.000000000000000000e+00
0.000000000000000000e+00
0.000000000000000000e+00
0.000000000000000000e+00
0.000000000000000000e+00
0.000000000000000000e+00
0.000000000000000000e+00
2.970120702872053992e-04
0.000000000000000000e+00
2.226807139536927585e-05
0.000000000000000000e+00
0.000000000000000000e+00
2.996132359730872881e-05
2.659133070766006926e-04
2.232907728777769535e-04
0.000000000000000000e+00
1.155849600148561813e-04
3.673509187721373751e-04
0.000000000000000000e+00
1.651716309235989639e-04
1.351534528098431460e-03
1.333707653657928568e-04
0.000000000000000000e+00
0.000000000000000000e+00
0.000000000000000000e+00
0.000000000000000000e+00
5.607808968295086542e-05
0.000000000000000000e+00
0.000000000000000000e+00
0.000000000000000000e+00
0.000000000000000000e+00
4.798550531153513701e-05
0.000000000000000000e+00
0.000000000000000000e+00
0.000000000000000000e+00
5.869661944670994508e-05
0.000000000000000000e+00
0.000000000000000000e+00
0.000000000000000000e+00
0.000000000000000000e+00
0.000000000000000000e+00
1.094465910387402567e-04
0.000000000000000000e+00
0.000000000000000000e+00
0.000000000000000000e+00
0.000000000000000000e+00
0.000000000000000000e+00
0.000000000000000000e+00
0.000000000000000000e+00
0.000000000000000000e+00
0.000000000000000000e+00
0.000000000000000000e+00
4.817939882193074917e-03
