7.913607250076723997e-05
0.000000000000000000e+00
0.000000000000000000e+00
0.000000000000000000e+00
0.000000000000000000e+00
0.000000000000000000e+00
0.000000000000000000e+00
0.000000000000000000e+00
0.000000000000000000e+00
2.270896556166774639e-04
0.000000000000000000e+00
3.105677047184084161e-03
7.572530608888931251e-05
8.956930653623931555e-04
0.000000000000000000e+00
0.000000000000000000e+00
0.000000000000000000e+00
0.000000000000000000e+00
2.488286673016538534e-06
3.817394830443197114e-05
0.000000000000000000e+00
0.000000000000000000e+00
0.000000000000000000e+00
0.000000000000000000e+00
1.127488180547625973e-05
0.000000000000000000e+00
0.000000000000000000e+00
0.000000000000000000e+00
0.000000000000000000e+00
0.000000000000000000e+00
5.456971325351783446e-06
0.000000000000000000e+00
4.848663059743447273e-02
9.338421078941123402e-05
4.423203266486449378e-06
0.000000000000000000e+00
0.000000000000000000e+00
0.000000000000000000e+00
0.000000000000000000e+00
5.305373379345846782e-03
0.000000000000000000e+00
0.000000000000000000e+00
0.000000000000000000e+00
0.000000000000000000e+00
1.520961012411888353e-06
3.645474953690754083e-04
7.442258354907069163e-05
3.094959269860392704e-04
0.000000000000000000e+00
2.405410714082663626e-06
9.680300894200427001e-05
0.000000000000000000e+00
0.000000000000000000e+00
0.000000000000000000e+00
0.000000000000000000e+00
0.000000000000000000e+00
9.254878611305435382e-05
8.886934875958633949e-04
0.000000000000000000e+00
0.000000000000000000e+00
2.978725250308170776e-04
0.000000000000000000e+00
0.000000000000000000e+00
0.000000000000000000e+00
0.000000000000000000e+00
0.000000000000000000e+00
0.000000000000000000e+00
0.000000000000000000e+00
1.258138120893505318e-05
3.359386867364579370e-05
0.000000000000000000e+00
0.000000000000000000e+00
0.000000000000000000e+00
2.067841828564815883e-04
0.000000000000000000e+00
0.000000000000000000e+00
1.279919546031592034e-04
0.000000000000000000e+00
0.000000000000000000e+00
0.000000000000000000e+00
0.000000000000000000e+00
0.000000000000000000e+00
0.000000000000000000e+00
0.000000000000000000e+00
5.780675548426838757e-04
0.000000000000000000e+00
0.000000000000000000e+00
4.577608980031160627e-05
0.000000000000000000e+00
2.637381260867440065e-05
0.000000000000000000e+00
0.000000000000000000e+00
0.000000000000000000e+00
1.922364101464739064e-05
2.226900409936817080e-06
0.000000000000000000e+00
2.864879712104875038e-04
8.958275729196935798e-06
0.000000000000000000e+00
3.400856507231569525e-04
0.000000000000000000e+00
0.000000000000000000e+00
0.000000000000000000e+00
0.000000000000000000e+00
0.000000000000000000e+00
0.000000000000000000e+00
0.000000000000000000e+00
0.000000000000000000e+00
5.802014362451296168e-05
3.944726563955685010e-05
0.000000000000000000e+00
7.255849770039598688e-04
0.000000000000000000e+00
0.000000000000000000e+00
7.585738517389777036e-05
0.000000000000000000e+00
0.000000000000000000e+00
0.000000000000000000e+00
0.000000000000000000e+00
0.000000000000000000e+00
0.000000000000000000e+00
6.747142834772038196e-04
0.000000000000000000e+00
0.000000000000000000e+00
2.860915028516411137e-04
2.141100669556497693e-02
0.000000000000000000e+00
0.000000000000000000e+00
0.000000000000000000e+00
0.000000000000000000e+00
0.000000000000000000e+00
0.000000000000000000e+00
0.000000000000000000e+00
0.000000000000000000e+00
0.000000000000000000e+00
0.000000000000000000e+00
0.000000000000000000e+00
0.000000000000000000e+00
1.704901610471518266e-04
4.542088541769446355e-06
0.000000000000000000e+00
0.000000000000000000e+00
0.000000000000000000e+00
0.000000000000000000e+00
0.000000000000000000e+00
0.000000000000000000e+00
6.619968307026478731e-05
0.000000000000000000e+00
2.163655348135668451e-05
1.222573127827334077e-04
0.000000000000000000e+00
0.000000000000000000e+00
0.000000000000000000e+00
0.000000000000000000e+00
0.000000000000000000e+00
0.000000000000000000e+00
0.000000000000000000e+00
0.000000000000000000e+00
0.000000000000000000e+00
0.000000000000000000e+00
0.000000000000000000e+00
0.000000000000000000e+00
0.000000000000000000e+00
0.000000000000000000e+00
0.000000000000000000e+00
0.000000000000000000e+00
0.000000000000000000e+00
0.000000000000000000e+00
0.000000000000000000e+00
3.103038211542101673e-04
0.000000000000000000e+00
4.348198638769050679e-05
0.000000000000000000e+00
0.000000000000000000e+00
3.806052705692379188e-05
4.321962296818297567e-07
4.704384270507864818e-05
0.000000000000000000e+00
1.570882623933429994e-04
3.771066740937349779e-04
0.000000000000000000e+00
1.783673214356515553e-04
3.203531586894792552e-04
1.424235185578621250e-04
0.000000000000000000e+00
0.000000000000000000e+00
0.000000000000000000e+00
0.000000000000000000e+00
5.368726433871431149e-05
0.000000000000000000e+00
0.000000000000000000e+00
0.000000000000000000e+00
0.000000000000000000e+00
5.012851935751344871e-05
0.000000000000000000e+00
0.000000000000000000e+00
0.000000000000000000e+00
1.636608879887818592e-04
0.000000000000000000e+00
0.000000000000000000e+00
0.000000000000000000e+00
0.000000000000000000e+00
0.000000000000000000e+00
1.521224174785523196e-05
0.000000000000000000e+00
0.000000000000000000e+00
0.000000000000000000e+00
0.000000000000000000e+00
0.000000000000000000e+00
0.000000000000000000e+00
0.000000000000000000e+00
0.000000000000000000e+00
0.000000000000000000e+00
0.000000000000000000e+00
9.002113051580530600e-04
