6.512477725623746225e-05
0.000000000000000000e+00
0.000000000000000000e+00
0.000000000000000000e+00
0.000000000000000000e+00
0.000000000000000000e+00
0.000000000000000000e+00
0.000000000000000000e+00
0.000000000000000000e+00
4.325615900615538520e-04
0.000000000000000000e+00
7.172841938265938147e-03
1.118371441654218354e-04
3.379817010922404278e-03
0.000000000000000000e+00
0.000000000000000000e+00
0.000000000000000000e+00
0.000000000000000000e+00
4.375826467269763469e-05
3.319378416338213144e-04
0.000000000000000000e+00
0.000000000000000000e+00
0.000000000000000000e+00
0.000000000000000000e+00
2.807815979925612515e-04
0.000000000000000000e+00
0.000000000000000000e+00
0.000000000000000000e+00
0.000000000000000000e+00
0.000000000000000000e+00
1.859540375747867648e-08
0.000000000000000000e+00
8.449457458384852793e-02
6.706492819017595810e-05
2.814840519698682931e-05
0.000000000000000000e+00
0.000000000000000000e+00
0.000000000000000000e+00
0.000000000000000000e+00
5.182496762170774388e-03
0.000000000000000000e+00
0.000000000000000000e+00
0.000000000000000000e+00
0.000000000000000000e+00
6.960339833903090492e-06
2.312088778768680685e-04
3.557000028574245151e-05
3.159189604761567720e-04
0.000000000000000000e+00
9.427870438516251013e-06
2.342669781242174274e-04
0.000000000000000000e+00
0.000000000000000000e+00
0.000000000000000000e+00
0.000000000000000000e+00
0.000000000000000000e+00
5.985837815589528351e-04
1.318258918652251785e-06
0.000000000000000000e+00
0.000000000000000000e+00
5.674881457448752598e-04
0.000000000000000000e+00
0.000000000000000000e+00
0.000000000000000000e+00
0.000000000000000000e+00
0.000000000000000000e+00
0.000000000000000000e+00
0.000000000000000000e+00
4.556289498271199733e-04
4.625572119905935328e-04
0.000000000000000000e+00
0.000000000000000000e+00
0.000000000000000000e+00
6.203585375351100434e-06
0.000000000000000000e+00
0.000000000000000000e+00
3.054161489524387938e-04
0.000000000000000000e+00
0.000000000000000000e+00
0.000000000000000000e+00
0.000000000000000000e+00
0.000000000000000000e+00
0.000000000000000000e+00
0.000000000000000000e+00
4.352243611606739643e-04
0.000000000000000000e+00
0.000000000000000000e+00
1.985157898484192260e-05
0.000000000000000000e+00
2.003519803801004996e-05
0.000000000000000000e+00
0.000000000000000000e+00
0.000000000000000000e+00
3.406207185204814230e-05
8.606199007009894542e-05
0.000000000000000000e+00
4.713835887293474141e-05
4.264704449000514524e-05
0.000000000000000000e+00
6.498396701597681027e-04
0.000000000000000000e+00
0.000000000000000000e+00
0.000000000000000000e+00
0.000000000000000000e+00
0.000000000000000000e+00
0.000000000000000000e+00
0.000000000000000000e+00
0.000000000000000000e+00
5.794201946137211129e-05
8.044072995111948286e-06
0.000000000000000000e+00
1.998919971794906741e-03
0.000000000000000000e+00
0.000000000000000000e+00
7.847326470893319138e-05
0.000000000000000000e+00
0.000000000000000000e+00
0.000000000000000000e+00
0.000000000000000000e+00
0.000000000000000000e+00
0.000000000000000000e+00
2.052165889078111805e-03
0.000000000000000000e+00
0.000000000000000000e+00
3.327529660230686822e-04
2.103102670914146904e-02
0.000000000000000000e+00
0.000000000000000000e+00
0.000000000000000000e+00
0.000000000000000000e+00
0.000000000000000000e+00
0.000000000000000000e+00
0.000000000000000000e+00
0.000000000000000000e+00
0.000000000000000000e+00
0.000000000000000000e+00
0.000000000000000000e+00
0.000000000000000000e+00
2.777931087291060763e-05
1.005423540092744592e-06
0.000000000000000000e+00
0.000000000000000000e+00
0.000000000000000000e+00
0.000000000000000000e+00
0.000000000000000000e+00
0.000000000000000000e+00
3.261149071757434627e-05
0.000000000000000000e+00
2.069166306377997078e-03
1.834106327086057031e-04
0.000000000000000000e+00
0.000000000000000000e+00
0.000000000000000000e+00
0.000000000000000000e+00
0.000000000000000000e+00
0.000000000000000000e+00
0.000000000000000000e+00
0.000000000000000000e+00
0.000000000000000000e+00
0.000000000000000000e+00
0.000000000000000000e+00
0.000000000000000000e+00
0.000000000000000000e+00
0.000000000000000000e+00
0.000000000000000000e+00
0.000000000000000000e+00
0.000000000000000000e+00
0.000000000000000000e+00
0.000000000000000000e+00
2.267579476337666341e-04
0.000000000000000000e+00
8.731980967321196260e-05
0.000000000000000000e+00
0.000000000000000000e+00
1.243445286212704285e-04
1.202132105662592202e-07
1.037068735229876667e-04
0.000000000000000000e+00
4.225274520336977607e-04
3.055717843505985549e-04
0.000000000000000000e+00
8.745445138525363075e-06
7.976025028298990406e-04
7.049398747567833538e-06
0.000000000000000000e+00
0.000000000000000000e+00
0.000000000000000000e+00
0.000000000000000000e+00
2.889817428328678389e-05
0.000000000000000000e+00
0.000000000000000000e+00
0.000000000000000000e+00
0.000000000000000000e+00
1.167009602654610508e-04
0.000000000000000000e+00
0.000000000000000000e+00
0.000000000000000000e+00
9.958642405329428792e-05
0.000000000000000000e+00
0.000000000000000000e+00
0.000000000000000000e+00
0.000000000000000000e+00
0.000000000000000000e+00
2.824726568111678136e-05
0.000000000000000000e+00
0.000000000000000000e+00
0.000000000000000000e+00
0.000000000000000000e+00
0.000000000000000000e+00
0.000000000000000000e+00
0.000000000000000000e+00
0.000000000000000000e+00
0.000000000000000000e+00
0.000000000000000000e+00
5.571700294860443096e-03
