1.127720113719646734e-04
0.000000000000000000e+00
0.000000000000000000e+00
0.000000000000000000e+00
0.000000000000000000e+00
0.000000000000000000e+00
0.000000000000000000e+00
0.000000000000000000e+00
0.000000000000000000e+00
1.399701440170438827e-08
0.000000000000000000e+00
3.356463966499099137e-03
1.008026614955286700e-04
8.077166602961432726e-04
0.000000000000000000e+00
0.000000000000000000e+00
0.000000000000000000e+00
0.000000000000000000e+00
2.447934810181879401e-04
5.444227175285941709e-06
0.000000000000000000e+00
0.000000000000000000e+00
0.000000000000000000e+00
0.000000000000000000e+00
1.767476514256897512e-04
0.000000000000000000e+00
0.000000000000000000e+00
0.000000000000000000e+00
0.000000000000000000e+00
0.000000000000000000e+00
4.316628137126084235e-07
0.000000000000000000e+00
6.201568247583506138e-02
3.501228326998747308e-04
5.858433274972062692e-05
0.000000000000000000e+00
0.000000000000000000e+00
0.000000000000000000e+00
0.000000000000000000e+00
1.534664541211224094e-02
0.000000000000000000e+00
0.000000000000000000e+00
0.000000000000000000e+00
0.000000000000000000e+00
2.629797562574815416e-03
2.993320373723311139e-04
7.003252316022315683e-06
3.760084617386730624e-04
0.000000000000000000e+00
3.532989238028310573e-05
1.400539239232303850e-04
0.000000000000000000e+00
0.000000000000000000e+00
0.000000000000000000e+00
0.000000000000000000e+00
0.000000000000000000e+00
1.758984084469472801e-05
1.581128868650553835e-03
0.000000000000000000e+00
0.000000000000000000e+00
1.851097703222722031e-04
0.000000000000000000e+00
0.000000000000000000e+00
0.000000000000000000e+00
0.000000000000000000e+00
0.000000000000000000e+00
0.000000000000000000e+00
0.000000000000000000e+00
1.317486504871692287e-03
4.515964534116787308e-05
0.000000000000000000e+00
0.000000000000000000e+00
0.000000000000000000e+00
3.122457847239621374e-04
0.000000000000000000e+00
0.000000000000000000e+00
2.948884101423912541e-05
0.000000000000000000e+00
0.000000000000000000e+00
0.000000000000000000e+00
0.000000000000000000e+00
0.000000000000000000e+00
0.000000000000000000e+00
0.000000000000000000e+00
7.220761197965118927e-04
0.000000000000000000e+00
0.000000000000000000e+00
1.649744528258561811e-04
0.000000000000000000e+00
1.535436874116549591e-03
0.000000000000000000e+00
0.000000000000000000e+00
0.000000000000000000e+00
5.852866922199739070e-04
6.277424323002029130e-05
0.000000000000000000e+00
4.526154593265874692e-04
8.587337461606193544e-05
0.000000000000000000e+00
2.672476860697850466e-04
0.000000000000000000e+00
0.000000000000000000e+00
0.000000000000000000e+00
0.000000000000000000e+00
0.000000000000000000e+00
0.000000000000000000e+00
0.000000000000000000e+00
0.000000000000000000e+00
3.866505380818671011e-05
7.481674043299030297e-02
0.000000000000000000e+00
1.123698873557277744e-03
0.000000000000000000e+00
0.000000000000000000e+00
7.136338927177009260e-05
0.000000000000000000e+00
0.000000000000000000e+00
0.000000000000000000e+00
0.000000000000000000e+00
0.000000000000000000e+00
0.000000000000000000e+00
1.137296928298030176e-04
0.000000000000000000e+00
0.000000000000000000e+00
2.675422221834453150e-04
3.757635895208884941e-02
0.000000000000000000e+00
0.000000000000000000e+00
0.000000000000000000e+00
0.000000000000000000e+00
0.000000000000000000e+00
0.000000000000000000e+00
0.000000000000000000e+00
0.000000000000000000e+00
0.000000000000000000e+00
0.000000000000000000e+00
0.000000000000000000e+00
0.000000000000000000e+00
7.155182623454549599e-05
1.615068266394742807e-05
0.000000000000000000e+00
0.000000000000000000e+00
0.000000000000000000e+00
0.000000000000000000e+00
0.000000000000000000e+00
0.000000000000000000e+00
1.373148924924505967e-07
0.000000000000000000e+00
2.822571042396533786e-07
1.503452532523559975e-05
0.000000000000000000e+00
0.000000000000000000e+00
0.000000000000000000e+00
0.000000000000000000e+00
0.000000000000000000e+00
0.000000000000000000e+00
0.000000000000000000e+00
0.000000000000000000e+00
0.000000000000000000e+00
0.000000000000000000e+00
0.000000000000000000e+00
0.000000000000000000e+00
0.000000000000000000e+00
0.000000000000000000e+00
0.000000000000000000e+00
0.000000000000000000e+00
0.000000000000000000e+00
0.000000000000000000e+00
0.000000000000000000e+00
4.253599673740984062e-04
0.000000000000000000e+00
1.711809174098021490e-04
0.000000000000000000e+00
0.000000000000000000e+00
2.580391267954794849e-05
3.676072529495393178e-05
3.828001520914892314e-04
0.000000000000000000e+00
8.123147643259258626e-04
3.596645512844826812e-04
0.000000000000000000e+00
9.418229905661337667e-05
2.839692356393351026e-04
3.572073442985420255e-05
0.000000000000000000e+00
0.000000000000000000e+00
0.000000000000000000e+00
0.000000000000000000e+00
3.158606277363830580e-04
0.000000000000000000e+00
0.000000000000000000e+00
0.000000000000000000e+00
0.000000000000000000e+00
5.726238936762927947e-05
0.000000000000000000e+00
0.000000000000000000e+00
0.000000000000000000e+00
1.135960130215516389e-04
0.000000000000000000e+00
0.000000000000000000e+00
0.000000000000000000e+00
0.000000000000000000e+00
0.000000000000000000e+00
1.742884306897826479e-03
0.000000000000000000e+00
0.000000000000000000e+00
0.000000000000000000e+00
0.000000000000000000e+00
0.000000000000000000e+00
0.000000000000000000e+00
0.000000000000000000e+00
0.000000000000000000e+00
0.000000000000000000e+00
0.000000000000000000e+00
1.260805091574804205e-03
