4.135018044388862014e-05
0.000000000000000000e+00
0.000000000000000000e+00
0.000000000000000000e+00
0.000000000000000000e+00
0.000000000000000000e+00
0.000000000000000000e+00
0.000000000000000000e+00
0.000000000000000000e+00
1.045841027460695025e-05
0.000000000000000000e+00
3.583849267943668617e-03
1.918969542950385129e-05
4.786331149077465222e-04
0.000000000000000000e+00
0.000000000000000000e+00
0.000000000000000000e+00
0.000000000000000000e+00
2.489539025242457136e-04
2.741679422480449753e-05
0.000000000000000000e+00
0.000000000000000000e+00
0.000000000000000000e+00
0.000000000000000000e+00
1.646467505590859201e-04
0.000000000000000000e+00
0.000000000000000000e+00
0.000000000000000000e+00
0.000000000000000000e+00
0.000000000000000000e+00
4.483667678558147822e-07
0.000000000000000000e+00
5.938806228170239593e-02
4.102061486355079094e-04
4.820057628314142510e-05
0.000000000000000000e+00
0.000000000000000000e+00
0.000000000000000000e+00
0.000000000000000000e+00
1.565411083153222041e-02
0.000000000000000000e+00
0.000000000000000000e+00
0.000000000000000000e+00
0.000000000000000000e+00
2.216564132423871642e-03
2.671707650454303862e-04
1.697555379279037516e-06
3.147684326177843618e-04
0.000000000000000000e+00
9.830322058054713144e-06
9.395014998792113774e-05
0.000000000000000000e+00
0.000000000000000000e+00
0.000000000000000000e+00
0.000000000000000000e+00
0.000000000000000000e+00
1.036694458930339076e-04
1.509512198135049997e-03
0.000000000000000000e+00
0.000000000000000000e+00
7.760181106234449299e-04
0.000000000000000000e+00
0.000000000000000000e+00
0.000000000000000000e+00
0.000000000000000000e+00
0.000000000000000000e+00
0.000000000000000000e+00
0.000000000000000000e+00
8.529225325402939708e-04
2.172781474794537547e-04
0.000000000000000000e+00
0.000000000000000000e+00
0.000000000000000000e+00
1.126840513078523507e-03
0.000000000000000000e+00
0.000000000000000000e+00
1.369270610673302752e-05
0.000000000000000000e+00
0.000000000000000000e+00
0.000000000000000000e+00
0.000000000000000000e+00
0.000000000000000000e+00
0.000000000000000000e+00
0.000000000000000000e+00
3.222414771100431713e-04
0.000000000000000000e+00
0.000000000000000000e+00
7.492464588857910251e-06
0.000000000000000000e+00
1.669258628728003757e-03
0.000000000000000000e+00
0.000000000000000000e+00
0.000000000000000000e+00
7.007812471969982610e-04
5.208634493505677043e-07
0.000000000000000000e+00
2.625122766821861783e-04
8.146596237144297344e-05
0.000000000000000000e+00
2.247903090050140551e-05
0.000000000000000000e+00
0.000000000000000000e+00
0.000000000000000000e+00
0.000000000000000000e+00
0.000000000000000000e+00
0.000000000000000000e+00
0.000000000000000000e+00
0.000000000000000000e+00
8.270655071609762032e-05
7.481673975522802611e-02
0.000000000000000000e+00
5.856378490724801480e-04
0.000000000000000000e+00
0.000000000000000000e+00
7.804779596781502224e-05
0.000000000000000000e+00
0.000000000000000000e+00
0.000000000000000000e+00
0.000000000000000000e+00
0.000000000000000000e+00
0.000000000000000000e+00
6.271162555075438785e-04
0.000000000000000000e+00
0.000000000000000000e+00
3.548984812443604724e-04
3.729596171515808106e-02
0.000000000000000000e+00
0.000000000000000000e+00
0.000000000000000000e+00
0.000000000000000000e+00
0.000000000000000000e+00
0.000000000000000000e+00
0.000000000000000000e+00
0.000000000000000000e+00
0.000000000000000000e+00
0.000000000000000000e+00
0.000000000000000000e+00
0.000000000000000000e+00
1.456999452400225951e-04
5.236493275731933904e-06
0.000000000000000000e+00
0.000000000000000000e+00
0.000000000000000000e+00
0.000000000000000000e+00
0.000000000000000000e+00
0.000000000000000000e+00
4.079282503693309819e-05
0.000000000000000000e+00
6.835943464066249165e-06
3.930685455768613557e-05
0.000000000000000000e+00
0.000000000000000000e+00
0.000000000000000000e+00
0.000000000000000000e+00
0.000000000000000000e+00
0.000000000000000000e+00
0.000000000000000000e+00
0.000000000000000000e+00
0.000000000000000000e+00
0.000000000000000000e+00
0.000000000000000000e+00
0.000000000000000000e+00
0.000000000000000000e+00
0.000000000000000000e+00
0.000000000000000000e+00
0.000000000000000000e+00
0.000000000000000000e+00
0.000000000000000000e+00
0.000000000000000000e+00
5.259420785336017682e-04
0.000000000000000000e+00
6.117686006535525052e-05
0.000000000000000000e+00
0.000000000000000000e+00
3.806044102810919952e-05
8.548106416644650657e-07
3.585452782544608038e-04
0.000000000000000000e+00
7.290723820638462605e-04
3.454132530145418074e-04
0.000000000000000000e+00
3.955708566363569921e-04
8.556959323456545235e-04
4.566161147702517810e-05
0.000000000000000000e+00
0.000000000000000000e+00
0.000000000000000000e+00
0.000000000000000000e+00
2.217658931933314600e-04
0.000000000000000000e+00
0.000000000000000000e+00
0.000000000000000000e+00
0.000000000000000000e+00
6.407039847869932527e-05
0.000000000000000000e+00
0.000000000000000000e+00
0.000000000000000000e+00
2.331570937938069266e-04
0.000000000000000000e+00
0.000000000000000000e+00
0.000000000000000000e+00
0.000000000000000000e+00
0.000000000000000000e+00
6.230946238791421489e-05
0.000000000000000000e+00
0.000000000000000000e+00
0.000000000000000000e+00
0.000000000000000000e+00
0.000000000000000000e+00
0.000000000000000000e+00
0.000000000000000000e+00
0.000000000000000000e+00
0.000000000000000000e+00
0.000000000000000000e+00
1.024300759873332783e-03
