1.356443588975964980e-05
0.000000000000000000e+00
0.000000000000000000e+00
0.000000000000000000e+00
0.000000000000000000e+00
0.000000000000000000e+00
0.000000000000000000e+00
0.000000000000000000e+00
0.000000000000000000e+00
1.262581610482197867e-04
0.000000000000000000e+00
1.070818249581523621e-02
1.349315209445274511e-04
2.522078290754770167e-03
0.000000000000000000e+00
0.000000000000000000e+00
0.000000000000000000e+00
0.000000000000000000e+00
1.335023191877174490e-06
3.424741887795306101e-05
0.000000000000000000e+00
0.000000000000000000e+00
0.000000000000000000e+00
0.000000000000000000e+00
8.720880187968064670e-06
0.000000000000000000e+00
0.000000000000000000e+00
0.000000000000000000e+00
0.000000000000000000e+00
0.000000000000000000e+00
7.374878804722587802e-08
0.000000000000000000e+00
1.032696843723762137e-01
6.649756793324582561e-05
6.457974388464799370e-08
0.000000000000000000e+00
0.000000000000000000e+00
0.000000000000000000e+00
0.000000000000000000e+00
5.305428594622753867e-03
0.000000000000000000e+00
0.000000000000000000e+00
0.000000000000000000e+00
0.000000000000000000e+00
5.311851835021327910e-05
2.704116831219490597e-04
1.567793430851300191e-05
2.237204087474679534e-04
0.000000000000000000e+00
9.660306193189959406e-06
3.788133741000453006e-04
0.000000000000000000e+00
0.000000000000000000e+00
0.000000000000000000e+00
0.000000000000000000e+00
0.000000000000000000e+00
1.026497297143577668e-03
5.422155718178060758e-05
0.000000000000000000e+00
0.000000000000000000e+00
4.437610338412455971e-04
0.000000000000000000e+00
0.000000000000000000e+00
0.000000000000000000e+00
0.000000000000000000e+00
0.000000000000000000e+00
0.000000000000000000e+00
0.000000000000000000e+00
1.214141139459529064e-04
1.452474379009127019e-04
0.000000000000000000e+00
0.000000000000000000e+00
0.000000000000000000e+00
1.218143580147046026e-04
0.000000000000000000e+00
0.000000000000000000e+00
1.319401129311478728e-04
0.000000000000000000e+00
0.000000000000000000e+00
0.000000000000000000e+00
0.000000000000000000e+00
0.000000000000000000e+00
0.000000000000000000e+00
0.000000000000000000e+00
4.836135976021440730e-04
0.000000000000000000e+00
0.000000000000000000e+00
2.277992496783478129e-05
0.000000000000000000e+00
4.672995719981364640e-05
0.000000000000000000e+00
0.000000000000000000e+00
0.000000000000000000e+00
3.156914469497612287e-05
4.608769659022331153e-06
0.000000000000000000e+00
2.538575737858867159e-04
8.843596274882843967e-06
0.000000000000000000e+00
9.533504660816469623e-04
0.000000000000000000e+00
0.000000000000000000e+00
0.000000000000000000e+00
0.000000000000000000e+00
0.000000000000000000e+00
0.000000000000000000e+00
0.000000000000000000e+00
0.000000000000000000e+00
7.913698267020227207e-05
7.481673998797948311e-02
0.000000000000000000e+00
1.153885072593762925e-03
0.000000000000000000e+00
0.000000000000000000e+00
8.710208193113426120e-05
0.000000000000000000e+00
0.000000000000000000e+00
0.000000000000000000e+00
0.000000000000000000e+00
0.000000000000000000e+00
0.000000000000000000e+00
1.109404283858773542e-03
0.000000000000000000e+00
0.000000000000000000e+00
3.207258119707019411e-04
2.621477404447321996e-02
0.000000000000000000e+00
0.000000000000000000e+00
0.000000000000000000e+00
0.000000000000000000e+00
0.000000000000000000e+00
0.000000000000000000e+00
0.000000000000000000e+00
0.000000000000000000e+00
0.000000000000000000e+00
0.000000000000000000e+00
0.000000000000000000e+00
0.000000000000000000e+00
1.039468707082049151e-04
2.522174486166840668e-06
0.000000000000000000e+00
0.000000000000000000e+00
0.000000000000000000e+00
0.000000000000000000e+00
0.000000000000000000e+00
0.000000000000000000e+00
3.329854545742563809e-05
0.000000000000000000e+00
5.809582588864178947e-05
3.346887590766532640e-05
0.000000000000000000e+00
0.000000000000000000e+00
0.000000000000000000e+00
0.000000000000000000e+00
0.000000000000000000e+00
0.000000000000000000e+00
0.000000000000000000e+00
0.000000000000000000e+00
0.000000000000000000e+00
0.000000000000000000e+00
0.000000000000000000e+00
0.000000000000000000e+00
0.000000000000000000e+00
0.000000000000000000e+00
0.000000000000000000e+00
0.000000000000000000e+00
0.000000000000000000e+00
0.000000000000000000e+00
0.000000000000000000e+00
2.432662104855993666e-04
0.000000000000000000e+00
3.521410951204151000e-05
0.000000000000000000e+00
0.000000000000000000e+00
3.806049639848051240e-05
3.901134705585543989e-04
1.028320187729473697e-04
0.000000000000000000e+00
2.871218347357632492e-04
3.375124041620579775e-04
0.000000000000000000e+00
1.563679404215531329e-04
1.016360623527177163e-03
1.735315185813849086e-04
0.000000000000000000e+00
0.000000000000000000e+00
0.000000000000000000e+00
0.000000000000000000e+00
6.440558643782518487e-05
0.000000000000000000e+00
0.000000000000000000e+00
0.000000000000000000e+00
0.000000000000000000e+00
2.397397376400213669e-05
0.000000000000000000e+00
0.000000000000000000e+00
0.000000000000000000e+00
2.070422606083672980e-04
0.000000000000000000e+00
0.000000000000000000e+00
0.000000000000000000e+00
0.000000000000000000e+00
0.000000000000000000e+00
1.894235652210212988e-05
0.000000000000000000e+00
0.000000000000000000e+00
0.000000000000000000e+00
0.000000000000000000e+00
0.000000000000000000e+00
0.000000000000000000e+00
0.000000000000000000e+00
0.000000000000000000e+00
0.000000000000000000e+00
0.000000000000000000e+00
2.170320965499339654e-03
