7.090902670127969664e-04
0.000000000000000000e+00
0.000000000000000000e+00
0.000000000000000000e+00
0.000000000000000000e+00
0.000000000000000000e+00
0.000000000000000000e+00
0.000000000000000000e+00
0.000000000000000000e+00
9.744061233249387566e-05
0.000000000000000000e+00
2.812965311557592829e-03
3.778100444390510814e-09
2.791418558739154274e-03
0.000000000000000000e+00
0.000000000000000000e+00
0.000000000000000000e+00
0.000000000000000000e+00
2.617226872777127927e-06
1.048187678832823082e-04
0.000000000000000000e+00
0.000000000000000000e+00
0.000000000000000000e+00
0.000000000000000000e+00
1.167268392822670604e-05
0.000000000000000000e+00
0.000000000000000000e+00
0.000000000000000000e+00
0.000000000000000000e+00
0.000000000000000000e+00
5.751502685302922074e-07
0.000000000000000000e+00
8.449456494443068066e-02
1.385157095806203065e-04
3.470174640563888034e-05
0.000000000000000000e+00
0.000000000000000000e+00
0.000000000000000000e+00
0.000000000000000000e+00
6.079889551696085297e-03
0.000000000000000000e+00
0.000000000000000000e+00
0.000000000000000000e+00
0.000000000000000000e+00
1.707341828529378917e-05
2.826928729962719755e-04
9.871377894669362059e-05
3.682165415700106113e-04
0.000000000000000000e+00
9.377936578009515514e-06
9.536642133790814758e-05
0.000000000000000000e+00
0.000000000000000000e+00
0.000000000000000000e+00
0.000000000000000000e+00
0.000000000000000000e+00
1.388071991945576079e-03
1.426437241533859354e-06
0.000000000000000000e+00
0.000000000000000000e+00
9.138326411829870771e-04
0.000000000000000000e+00
0.000000000000000000e+00
0.000000000000000000e+00
0.000000000000000000e+00
0.000000000000000000e+00
0.000000000000000000e+00
0.000000000000000000e+00
6.833510380535119579e-04
5.852569911495273964e-04
0.000000000000000000e+00
0.000000000000000000e+00
0.000000000000000000e+00
3.558719318550090721e-04
0.000000000000000000e+00
0.000000000000000000e+00
1.230650246791291304e-04
0.000000000000000000e+00
0.000000000000000000e+00
0.000000000000000000e+00
0.000000000000000000e+00
0.000000000000000000e+00
0.000000000000000000e+00
0.000000000000000000e+00
3.973214479268916089e-04
0.000000000000000000e+00
0.000000000000000000e+00
3.044208685894635673e-05
0.000000000000000000e+00
3.070213489027633568e-05
0.000000000000000000e+00
0.000000000000000000e+00
0.000000000000000000e+00
1.456333104251283852e-04
1.013695688647956155e-03
0.000000000000000000e+00
4.746414832349429304e-04
1.213392017977562682e-05
0.000000000000000000e+00
6.628460287058887701e-05
0.000000000000000000e+00
0.000000000000000000e+00
0.000000000000000000e+00
0.000000000000000000e+00
0.000000000000000000e+00
0.000000000000000000e+00
0.000000000000000000e+00
0.000000000000000000e+00
1.879129231964110205e-05
2.634684000782269162e-07
0.000000000000000000e+00
1.580386421125267934e-03
0.000000000000000000e+00
0.000000000000000000e+00
7.254965671399096685e-05
0.000000000000000000e+00
0.000000000000000000e+00
0.000000000000000000e+00
0.000000000000000000e+00
0.000000000000000000e+00
0.000000000000000000e+00
9.269969649113512589e-04
0.000000000000000000e+00
0.000000000000000000e+00
3.281258158354598644e-04
2.690314573422536784e-02
0.000000000000000000e+00
0.000000000000000000e+00
0.000000000000000000e+00
0.000000000000000000e+00
0.000000000000000000e+00
0.000000000000000000e+00
0.000000000000000000e+00
0.000000000000000000e+00
0.000000000000000000e+00
0.000000000000000000e+00
0.000000000000000000e+00
0.000000000000000000e+00
1.570075975465451185e-04
1.598215415377638169e-07
0.000000000000000000e+00
0.000000000000000000e+00
0.000000000000000000e+00
0.000000000000000000e+00
0.000000000000000000e+00
0.000000000000000000e+00
1.864507623688964517e-04
0.000000000000000000e+00
1.181617356337945736e-03
4.102648634385527398e-05
0.000000000000000000e+00
0.000000000000000000e+00
0.000000000000000000e+00
0.000000000000000000e+00
0.000000000000000000e+00
0.000000000000000000e+00
0.000000000000000000e+00
0.000000000000000000e+00
0.000000000000000000e+00
0.000000000000000000e+00
0.000000000000000000e+00
0.000000000000000000e+00
0.000000000000000000e+00
0.000000000000000000e+00
0.000000000000000000e+00
0.000000000000000000e+00
0.000000000000000000e+00
0.000000000000000000e+00
0.000000000000000000e+00
1.481778172636804918e-04
0.000000000000000000e+00
3.360522575214186866e-05
0.000000000000000000e+00
0.000000000000000000e+00
1.518256709595608238e-04
5.493822856851985400e-04
2.365988346731003305e-04
0.000000000000000000e+00
1.112440193831069706e-04
1.137861577762111585e-03
0.000000000000000000e+00
2.421579568956220310e-05
4.817881941186336319e-04
2.452181230482596876e-04
0.000000000000000000e+00
0.000000000000000000e+00
0.000000000000000000e+00
0.000000000000000000e+00
3.958412015010824553e-05
0.000000000000000000e+00
0.000000000000000000e+00
0.000000000000000000e+00
0.000000000000000000e+00
4.923046546497717780e-05
0.000000000000000000e+00
0.000000000000000000e+00
0.000000000000000000e+00
9.273266229785293230e-05
0.000000000000000000e+00
0.000000000000000000e+00
0.000000000000000000e+00
0.000000000000000000e+00
0.000000000000000000e+00
3.586024232094237702e-05
0.000000000000000000e+00
0.000000000000000000e+00
0.000000000000000000e+00
0.000000000000000000e+00
0.000000000000000000e+00
0.000000000000000000e+00
0.000000000000000000e+00
0.000000000000000000e+00
0.000000000000000000e+00
0.000000000000000000e+00
2.789719529565179434e-03
