7.913609176943885918e-05
0.000000000000000000e+00
0.000000000000000000e+00
0.000000000000000000e+00
0.000000000000000000e+00
0.000000000000000000e+00
0.000000000000000000e+00
0.000000000000000000e+00
0.000000000000000000e+00
2.279890296083912345e-04
0.000000000000000000e+00
3.105676720163092278e-03
7.572530314658221576e-05
9.498203037337665279e-04
0.000000000000000000e+00
0.000000000000000000e+00
0.000000000000000000e+00
0.000000000000000000e+00
2.488267889005280666e-06
3.817398868605217189e-05
0.000000000000000000e+00
0.000000000000000000e+00
0.000000000000000000e+00
0.000000000000000000e+00
1.127456231620021117e-05
0.000000000000000000e+00
0.000000000000000000e+00
0.000000000000000000e+00
0.000000000000000000e+00
0.000000000000000000e+00
5.457513080330988990e-06
0.000000000000000000e+00
4.850510910003788534e-02
9.338420060440010147e-05
4.423210219120023054e-06
0.000000000000000000e+00
0.000000000000000000e+00
0.000000000000000000e+00
0.000000000000000000e+00
5.305390189002982641e-03
0.000000000000000000e+00
0.000000000000000000e+00
0.000000000000000000e+00
0.000000000000000000e+00
1.521900355157585934e-06
3.645475964895277519e-04
7.442252732674813130e-05
3.094958767010474424e-04
0.000000000000000000e+00
2.405382938786193985e-06
9.680297849225682376e-05
0.000000000000000000e+00
0.000000000000000000e+00
0.000000000000000000e+00
0.000000000000000000e+00
0.000000000000000000e+00
9.254884176179080011e-05
8.886932671143132770e-04
0.000000000000000000e+00
0.000000000000000000e+00
6.884988359069182896e-04
0.000000000000000000e+00
0.000000000000000000e+00
0.000000000000000000e+00
0.000000000000000000e+00
0.000000000000000000e+00
0.000000000000000000e+00
0.000000000000000000e+00
1.258138459070348008e-05
3.359430399388020947e-05
0.000000000000000000e+00
0.000000000000000000e+00
0.000000000000000000e+00
2.067841015512855056e-04
0.000000000000000000e+00
0.000000000000000000e+00
1.279919584540128942e-04
0.000000000000000000e+00
0.000000000000000000e+00
0.000000000000000000e+00
0.000000000000000000e+00
0.000000000000000000e+00
0.000000000000000000e+00
0.000000000000000000e+00
5.780675283384535332e-04
0.000000000000000000e+00
0.000000000000000000e+00
4.577607179017568215e-05
0.000000000000000000e+00
2.637335466009161174e-05
0.000000000000000000e+00
0.000000000000000000e+00
0.000000000000000000e+00
1.922417899028462077e-05
2.226901140617069135e-06
0.000000000000000000e+00
2.864879015505865552e-04
8.958285910135286602e-06
0.000000000000000000e+00
3.400849490097174275e-04
0.000000000000000000e+00
0.000000000000000000e+00
0.000000000000000000e+00
0.000000000000000000e+00
0.000000000000000000e+00
0.000000000000000000e+00
0.000000000000000000e+00
0.000000000000000000e+00
5.113213047161543301e+01
3.944706054590259151e-05
0.000000000000000000e+00
7.255850933821728164e-04
0.000000000000000000e+00
0.000000000000000000e+00
7.585691156099256930e-05
0.000000000000000000e+00
0.000000000000000000e+00
0.000000000000000000e+00
0.000000000000000000e+00
0.000000000000000000e+00
0.000000000000000000e+00
6.747142169090058171e-04
0.000000000000000000e+00
0.000000000000000000e+00
2.860914855454380935e-04
2.141100741915782230e-02
0.000000000000000000e+00
0.000000000000000000e+00
0.000000000000000000e+00
0.000000000000000000e+00
0.000000000000000000e+00
0.000000000000000000e+00
0.000000000000000000e+00
0.000000000000000000e+00
0.000000000000000000e+00
0.000000000000000000e+00
0.000000000000000000e+00
0.000000000000000000e+00
1.704904070106114957e-04
4.542089072480401782e-06
0.000000000000000000e+00
0.000000000000000000e+00
0.000000000000000000e+00
0.000000000000000000e+00
0.000000000000000000e+00
0.000000000000000000e+00
6.619970243796155117e-05
0.000000000000000000e+00
5.422181525245648182e-06
1.222573521577417614e-04
0.000000000000000000e+00
0.000000000000000000e+00
0.000000000000000000e+00
0.000000000000000000e+00
0.000000000000000000e+00
0.000000000000000000e+00
0.000000000000000000e+00
0.000000000000000000e+00
0.000000000000000000e+00
0.000000000000000000e+00
0.000000000000000000e+00
0.000000000000000000e+00
0.000000000000000000e+00
0.000000000000000000e+00
0.000000000000000000e+00
0.000000000000000000e+00
0.000000000000000000e+00
0.000000000000000000e+00
0.000000000000000000e+00
3.103038093022945595e-04
0.000000000000000000e+00
4.348199831920821097e-05
0.000000000000000000e+00
0.000000000000000000e+00
3.806043387576060088e-05
4.321962645323921489e-07
4.704384725505079582e-05
0.000000000000000000e+00
1.570882964829974928e-04
3.771065957112943574e-04
0.000000000000000000e+00
1.783673640904904719e-04
3.203532588637550849e-04
1.424234006281320433e-04
0.000000000000000000e+00
0.000000000000000000e+00
0.000000000000000000e+00
0.000000000000000000e+00
5.368720578127593327e-05
0.000000000000000000e+00
0.000000000000000000e+00
0.000000000000000000e+00
0.000000000000000000e+00
5.012848727231663105e-05
0.000000000000000000e+00
0.000000000000000000e+00
0.000000000000000000e+00
1.636610644498776219e-04
0.000000000000000000e+00
0.000000000000000000e+00
0.000000000000000000e+00
0.000000000000000000e+00
0.000000000000000000e+00
1.521218531166010505e-05
0.000000000000000000e+00
0.000000000000000000e+00
0.000000000000000000e+00
0.000000000000000000e+00
0.000000000000000000e+00
0.000000000000000000e+00
0.000000000000000000e+00
0.000000000000000000e+00
0.000000000000000000e+00
0.000000000000000000e+00
9.002112492936433907e-04
