7.913609609822202715e-05
0.000000000000000000e+00
0.000000000000000000e+00
0.000000000000000000e+00
0.000000000000000000e+00
0.000000000000000000e+00
0.000000000000000000e+00
0.000000000000000000e+00
0.000000000000000000e+00
2.251589378237688532e-04
0.000000000000000000e+00
3.105676822966457924e-03
7.572530002217268475e-05
8.956931522663366153e-04
0.000000000000000000e+00
0.000000000000000000e+00
0.000000000000000000e+00
0.000000000000000000e+00
2.488291802191429527e-06
3.817397605916426722e-05
0.000000000000000000e+00
0.000000000000000000e+00
0.000000000000000000e+00
0.000000000000000000e+00
1.127455753836556029e-05
0.000000000000000000e+00
0.000000000000000000e+00
0.000000000000000000e+00
0.000000000000000000e+00
0.000000000000000000e+00
5.456891210794816216e-06
0.000000000000000000e+00
4.848356146041572778e-02
9.338419973650370273e-05
4.423220691795931499e-06
0.000000000000000000e+00
0.000000000000000000e+00
0.000000000000000000e+00
0.000000000000000000e+00
5.305380879383739604e-03
0.000000000000000000e+00
0.000000000000000000e+00
0.000000000000000000e+00
0.000000000000000000e+00
1.520953563122081302e-06
3.645475865899602580e-04
7.442258320305588954e-05
3.094959375239163192e-04
0.000000000000000000e+00
2.405402297806007807e-06
9.680299134615978369e-05
0.000000000000000000e+00
0.000000000000000000e+00
0.000000000000000000e+00
0.000000000000000000e+00
0.000000000000000000e+00
9.254879903572222667e-05
8.886931392749516760e-04
0.000000000000000000e+00
0.000000000000000000e+00
6.884988309923540913e-04
0.000000000000000000e+00
0.000000000000000000e+00
0.000000000000000000e+00
0.000000000000000000e+00
0.000000000000000000e+00
0.000000000000000000e+00
0.000000000000000000e+00
1.258137826810153795e-05
3.359411689944882449e-05
0.000000000000000000e+00
0.000000000000000000e+00
0.000000000000000000e+00
2.067841560184969000e-04
0.000000000000000000e+00
0.000000000000000000e+00
1.279919378556854885e-04
0.000000000000000000e+00
0.000000000000000000e+00
0.000000000000000000e+00
0.000000000000000000e+00
0.000000000000000000e+00
0.000000000000000000e+00
0.000000000000000000e+00
5.780675476872195037e-04
0.000000000000000000e+00
0.000000000000000000e+00
4.577608166984029379e-05
0.000000000000000000e+00
2.637312926098215314e-05
0.000000000000000000e+00
0.000000000000000000e+00
0.000000000000000000e+00
1.922605172889322488e-05
2.226913493351815497e-06
0.000000000000000000e+00
2.864878806392770873e-04
8.958282518801833323e-06
0.000000000000000000e+00
3.400855578037575099e-04
0.000000000000000000e+00
0.000000000000000000e+00
0.000000000000000000e+00
0.000000000000000000e+00
0.000000000000000000e+00
0.000000000000000000e+00
0.000000000000000000e+00
0.000000000000000000e+00
5.802023745447713226e-05
3.944721755061583127e-05
0.000000000000000000e+00
7.255851023964366526e-04
0.000000000000000000e+00
0.000000000000000000e+00
7.585709266900703249e-05
0.000000000000000000e+00
0.000000000000000000e+00
0.000000000000000000e+00
0.000000000000000000e+00
0.000000000000000000e+00
0.000000000000000000e+00
6.747142763788674695e-04
0.000000000000000000e+00
0.000000000000000000e+00
3.207221283021693546e-04
2.141100842899896356e-02
0.000000000000000000e+00
0.000000000000000000e+00
0.000000000000000000e+00
0.000000000000000000e+00
0.000000000000000000e+00
0.000000000000000000e+00
0.000000000000000000e+00
0.000000000000000000e+00
0.000000000000000000e+00
0.000000000000000000e+00
0.000000000000000000e+00
0.000000000000000000e+00
1.704901471640145924e-04
4.542087631190756709e-06
0.000000000000000000e+00
0.000000000000000000e+00
0.000000000000000000e+00
0.000000000000000000e+00
0.000000000000000000e+00
0.000000000000000000e+00
6.619971806039613087e-05
0.000000000000000000e+00
2.163652496442870942e-05
1.222572873712848005e-04
0.000000000000000000e+00
0.000000000000000000e+00
0.000000000000000000e+00
0.000000000000000000e+00
0.000000000000000000e+00
0.000000000000000000e+00
0.000000000000000000e+00
0.000000000000000000e+00
0.000000000000000000e+00
0.000000000000000000e+00
0.000000000000000000e+00
0.000000000000000000e+00
0.000000000000000000e+00
0.000000000000000000e+00
0.000000000000000000e+00
0.000000000000000000e+00
0.000000000000000000e+00
0.000000000000000000e+00
0.000000000000000000e+00
3.103042081549950469e-04
0.000000000000000000e+00
4.348197769980490434e-05
0.000000000000000000e+00
0.000000000000000000e+00
3.805976277700207289e-05
4.321978858013375014e-07
4.704383613289302206e-05
0.000000000000000000e+00
1.570882527340019099e-04
2.779016389464264154e-04
0.000000000000000000e+00
1.783671545869490579e-04
3.203533648298475395e-04
1.424235482088158009e-04
0.000000000000000000e+00
0.000000000000000000e+00
0.000000000000000000e+00
0.000000000000000000e+00
5.368728335816170546e-05
0.000000000000000000e+00
0.000000000000000000e+00
0.000000000000000000e+00
0.000000000000000000e+00
5.012856791865909971e-05
0.000000000000000000e+00
0.000000000000000000e+00
0.000000000000000000e+00
1.636608117406984913e-04
0.000000000000000000e+00
0.000000000000000000e+00
0.000000000000000000e+00
0.000000000000000000e+00
0.000000000000000000e+00
1.521232343716071542e-05
0.000000000000000000e+00
0.000000000000000000e+00
0.000000000000000000e+00
0.000000000000000000e+00
0.000000000000000000e+00
0.000000000000000000e+00
0.000000000000000000e+00
0.000000000000000000e+00
0.000000000000000000e+00
0.000000000000000000e+00
9.002109526929987383e-04
