6.874764730439463965e-05
0.000000000000000000e+00
0.000000000000000000e+00
0.000000000000000000e+00
0.000000000000000000e+00
0.000000000000000000e+00
0.000000000000000000e+00
0.000000000000000000e+00
0.000000000000000000e+00
6.563753293451981977e-05
0.000000000000000000e+00
7.184683155131315647e-03
5.819113691184342289e-04
1.311491134410984862e-03
0.000000000000000000e+00
0.000000000000000000e+00
0.000000000000000000e+00
0.000000000000000000e+00
4.488203775586075632e-05
3.431940788010964067e-04
0.000000000000000000e+00
0.000000000000000000e+00
0.000000000000000000e+00
0.000000000000000000e+00
1.103915940763005269e-05
0.000000000000000000e+00
0.000000000000000000e+00
0.000000000000000000e+00
0.000000000000000000e+00
0.000000000000000000e+00
3.213573039072600683e-04
0.000000000000000000e+00
5.044150128543538336e-02
3.128687560621846477e-04
1.171476381769883003e-04
0.000000000000000000e+00
0.000000000000000000e+00
0.000000000000000000e+00
0.000000000000000000e+00
4.000544052229853230e-03
0.000000000000000000e+00
0.000000000000000000e+00
0.000000000000000000e+00
0.000000000000000000e+00
4.626506610623675494e-05
6.430826081659909901e-04
1.199518687274225354e-04
2.452774123361084707e-04
0.000000000000000000e+00
3.873389958049072127e-04
5.233719748995641942e-04
0.000000000000000000e+00
0.000000000000000000e+00
0.000000000000000000e+00
0.000000000000000000e+00
0.000000000000000000e+00
3.611252136626083402e-04
6.339575397076733978e-04
0.000000000000000000e+00
0.000000000000000000e+00
1.058913769179738623e-04
0.000000000000000000e+00
0.000000000000000000e+00
0.000000000000000000e+00
0.000000000000000000e+00
0.000000000000000000e+00
0.000000000000000000e+00
0.000000000000000000e+00
1.152476796053119977e-04
4.195120928348587149e-05
0.000000000000000000e+00
0.000000000000000000e+00
0.000000000000000000e+00
1.289035493092341922e-03
0.000000000000000000e+00
0.000000000000000000e+00
2.101129967785931609e-04
0.000000000000000000e+00
0.000000000000000000e+00
0.000000000000000000e+00
0.000000000000000000e+00
0.000000000000000000e+00
0.000000000000000000e+00
0.000000000000000000e+00
2.384440942654007193e-03
0.000000000000000000e+00
0.000000000000000000e+00
5.371667707044759871e-05
0.000000000000000000e+00
1.751986392741521135e-04
0.000000000000000000e+00
0.000000000000000000e+00
0.000000000000000000e+00
3.732005734003605245e-06
2.367004873165506798e-07
0.000000000000000000e+00
2.262163137965146826e-05
4.736687933194874055e-05
0.000000000000000000e+00
8.820609383065493151e-05
0.000000000000000000e+00
0.000000000000000000e+00
0.000000000000000000e+00
0.000000000000000000e+00
0.000000000000000000e+00
0.000000000000000000e+00
0.000000000000000000e+00
0.000000000000000000e+00
6.131412512577397557e-04
2.827706125528254167e-03
0.000000000000000000e+00
1.028767855895641780e-03
0.000000000000000000e+00
0.000000000000000000e+00
2.400203599286678392e-04
0.000000000000000000e+00
0.000000000000000000e+00
0.000000000000000000e+00
0.000000000000000000e+00
0.000000000000000000e+00
0.000000000000000000e+00
8.236470709841137118e-04
0.000000000000000000e+00
0.000000000000000000e+00
2.756184144983552856e-05
1.645311321707026639e-02
0.000000000000000000e+00
0.000000000000000000e+00
0.000000000000000000e+00
0.000000000000000000e+00
0.000000000000000000e+00
0.000000000000000000e+00
0.000000000000000000e+00
0.000000000000000000e+00
0.000000000000000000e+00
0.000000000000000000e+00
0.000000000000000000e+00
0.000000000000000000e+00
2.759878506975913079e-04
5.638399769024776766e-07
0.000000000000000000e+00
0.000000000000000000e+00
0.000000000000000000e+00
0.000000000000000000e+00
0.000000000000000000e+00
0.000000000000000000e+00
4.983154651010629168e-05
0.000000000000000000e+00
8.515727793292865000e-05
1.202996484159691464e-04
0.000000000000000000e+00
0.000000000000000000e+00
0.000000000000000000e+00
0.000000000000000000e+00
0.000000000000000000e+00
0.000000000000000000e+00
0.000000000000000000e+00
0.000000000000000000e+00
0.000000000000000000e+00
0.000000000000000000e+00
0.000000000000000000e+00
0.000000000000000000e+00
0.000000000000000000e+00
0.000000000000000000e+00
0.000000000000000000e+00
0.000000000000000000e+00
0.000000000000000000e+00
0.000000000000000000e+00
0.000000000000000000e+00
3.344922259374555210e-04
0.000000000000000000e+00
4.152082362963077969e-04
0.000000000000000000e+00
0.000000000000000000e+00
3.291595818006505005e-04
6.508525709163056814e-05
6.478471191526973178e-05
0.000000000000000000e+00
1.651171279718894854e-04
6.780389853444304541e-05
0.000000000000000000e+00
1.399555452201594339e-03
6.075221799413205127e-04
8.541171419716705798e-04
0.000000000000000000e+00
0.000000000000000000e+00
0.000000000000000000e+00
0.000000000000000000e+00
3.013782893896952450e-04
0.000000000000000000e+00
0.000000000000000000e+00
0.000000000000000000e+00
0.000000000000000000e+00
3.762887470887939451e-04
0.000000000000000000e+00
0.000000000000000000e+00
0.000000000000000000e+00
4.431835586774683574e-05
0.000000000000000000e+00
0.000000000000000000e+00
0.000000000000000000e+00
0.000000000000000000e+00
0.000000000000000000e+00
4.810136210792850852e-04
0.000000000000000000e+00
0.000000000000000000e+00
0.000000000000000000e+00
0.000000000000000000e+00
0.000000000000000000e+00
0.000000000000000000e+00
0.000000000000000000e+00
0.000000000000000000e+00
0.000000000000000000e+00
0.000000000000000000e+00
3.446332846985338070e-03
