3.499622184551829198e-04
0.000000000000000000e+00
0.000000000000000000e+00
0.000000000000000000e+00
0.000000000000000000e+00
0.000000000000000000e+00
0.000000000000000000e+00
0.000000000000000000e+00
0.000000000000000000e+00
2.404588283913215295e-04
0.000000000000000000e+00
7.184680609478449193e-03
1.492219743200493692e-03
1.244533742911083270e-03
0.000000000000000000e+00
0.000000000000000000e+00
0.000000000000000000e+00
0.000000000000000000e+00
2.655155630864066470e-03
5.217408586061948739e-03
0.000000000000000000e+00
0.000000000000000000e+00
0.000000000000000000e+00
0.000000000000000000e+00
8.747843656533386405e-04
0.000000000000000000e+00
0.000000000000000000e+00
0.000000000000000000e+00
0.000000000000000000e+00
0.000000000000000000e+00
2.806429268569140927e-03
0.000000000000000000e+00
5.645636649293171022e-02
3.354643559882140250e-03
7.367606441223985801e-03
0.000000000000000000e+00
0.000000000000000000e+00
0.000000000000000000e+00
0.000000000000000000e+00
8.157847841480296569e-02
0.000000000000000000e+00
0.000000000000000000e+00
0.000000000000000000e+00
0.000000000000000000e+00
6.101945671733645382e-03
1.492627654922383529e-03
5.849203787501325519e-04
4.064884548557087286e-03
0.000000000000000000e+00
2.631112981198861864e-03
1.071183599550111889e-03
0.000000000000000000e+00
0.000000000000000000e+00
0.000000000000000000e+00
0.000000000000000000e+00
0.000000000000000000e+00
3.607345491092337560e-04
6.339578169111296591e-04
0.000000000000000000e+00
0.000000000000000000e+00
3.566720688843257828e-03
0.000000000000000000e+00
0.000000000000000000e+00
0.000000000000000000e+00
0.000000000000000000e+00
0.000000000000000000e+00
0.000000000000000000e+00
0.000000000000000000e+00
2.210697130507170358e-03
7.636521611078991292e-05
0.000000000000000000e+00
0.000000000000000000e+00
0.000000000000000000e+00
2.012045493039643033e-03
0.000000000000000000e+00
0.000000000000000000e+00
1.151710097591760427e-03
0.000000000000000000e+00
0.000000000000000000e+00
0.000000000000000000e+00
0.000000000000000000e+00
0.000000000000000000e+00
0.000000000000000000e+00
0.000000000000000000e+00
3.150051341475430030e-03
0.000000000000000000e+00
0.000000000000000000e+00
1.901137826370008889e-03
0.000000000000000000e+00
7.618446132721346138e-03
0.000000000000000000e+00
0.000000000000000000e+00
0.000000000000000000e+00
2.678282453088591530e-03
6.601942291889731536e-04
0.000000000000000000e+00
1.042339111720698430e-03
2.197372253886354493e-04
0.000000000000000000e+00
8.820614306442849724e-05
0.000000000000000000e+00
0.000000000000000000e+00
0.000000000000000000e+00
0.000000000000000000e+00
0.000000000000000000e+00
0.000000000000000000e+00
0.000000000000000000e+00
0.000000000000000000e+00
4.411588720398406001e-03
5.744374118127291810e-03
0.000000000000000000e+00
1.228502455100818598e-03
0.000000000000000000e+00
0.000000000000000000e+00
5.792778577216212491e-03
0.000000000000000000e+00
0.000000000000000000e+00
0.000000000000000000e+00
0.000000000000000000e+00
0.000000000000000000e+00
0.000000000000000000e+00
4.647457815733686023e-04
0.000000000000000000e+00
0.000000000000000000e+00
3.332173532374297330e-03
3.768459216686810553e-02
0.000000000000000000e+00
0.000000000000000000e+00
0.000000000000000000e+00
0.000000000000000000e+00
0.000000000000000000e+00
0.000000000000000000e+00
0.000000000000000000e+00
0.000000000000000000e+00
0.000000000000000000e+00
0.000000000000000000e+00
0.000000000000000000e+00
0.000000000000000000e+00
5.807977447203908211e-03
3.122358432060350867e-05
0.000000000000000000e+00
0.000000000000000000e+00
0.000000000000000000e+00
0.000000000000000000e+00
0.000000000000000000e+00
0.000000000000000000e+00
4.285834354440642285e-03
0.000000000000000000e+00
8.515733058422074897e-05
1.119398733290668819e-03
0.000000000000000000e+00
0.000000000000000000e+00
0.000000000000000000e+00
0.000000000000000000e+00
0.000000000000000000e+00
0.000000000000000000e+00
0.000000000000000000e+00
0.000000000000000000e+00
0.000000000000000000e+00
0.000000000000000000e+00
0.000000000000000000e+00
0.000000000000000000e+00
0.000000000000000000e+00
0.000000000000000000e+00
0.000000000000000000e+00
0.000000000000000000e+00
0.000000000000000000e+00
0.000000000000000000e+00
0.000000000000000000e+00
6.004445445248584277e-03
0.000000000000000000e+00
1.014892403788890873e-03
0.000000000000000000e+00
0.000000000000000000e+00
2.293477861218100669e-03
7.911689433518718497e-05
2.725901328250319154e-04
0.000000000000000000e+00
3.405029206742989111e-04
1.991458475800861588e-04
0.000000000000000000e+00
1.399556399565446852e-03
7.162088691993980828e-04
6.311884071562169629e-03
0.000000000000000000e+00
0.000000000000000000e+00
0.000000000000000000e+00
0.000000000000000000e+00
3.376663229595467004e-03
0.000000000000000000e+00
0.000000000000000000e+00
0.000000000000000000e+00
0.000000000000000000e+00
3.762885129715160264e-04
0.000000000000000000e+00
0.000000000000000000e+00
0.000000000000000000e+00
6.453460782508307393e-05
0.000000000000000000e+00
0.000000000000000000e+00
0.000000000000000000e+00
0.000000000000000000e+00
0.000000000000000000e+00
5.735382723684592961e-03
0.000000000000000000e+00
0.000000000000000000e+00
0.000000000000000000e+00
0.000000000000000000e+00
0.000000000000000000e+00
0.000000000000000000e+00
0.000000000000000000e+00
0.000000000000000000e+00
0.000000000000000000e+00
0.000000000000000000e+00
3.446336796894468747e-03
