2.184888098186699070e-03
0.000000000000000000e+00
0.000000000000000000e+00
0.000000000000000000e+00
0.000000000000000000e+00
0.000000000000000000e+00
0.000000000000000000e+00
0.000000000000000000e+00
0.000000000000000000e+00
4.583690234542877814e-03
0.000000000000000000e+00
4.793962790489143463e-03
4.407694235207803950e-03
4.653657081972819329e-04
0.000000000000000000e+00
0.000000000000000000e+00
0.000000000000000000e+00
0.000000000000000000e+00
6.829757552378718823e-03
8.676723122787844897e-03
0.000000000000000000e+00
0.000000000000000000e+00
0.000000000000000000e+00
0.000000000000000000e+00
3.636381403088047911e-03
0.000000000000000000e+00
0.000000000000000000e+00
0.000000000000000000e+00
0.000000000000000000e+00
0.000000000000000000e+00
1.479435304625518859e-02
0.000000000000000000e+00
1.656287312701246184e-01
9.986862048104413678e-03
1.318060749658922677e-02
0.000000000000000000e+00
0.000000000000000000e+00
0.000000000000000000e+00
0.000000000000000000e+00
3.943020370289278959e-02
0.000000000000000000e+00
0.000000000000000000e+00
0.000000000000000000e+00
0.000000000000000000e+00
1.266669386141479337e-02
6.214295459172149844e-03
4.878632153520095008e-03
1.316023197840309258e-02
0.000000000000000000e+00
8.571948120153502840e-03
4.929286876946815249e-03
0.000000000000000000e+00
0.000000000000000000e+00
0.000000000000000000e+00
0.000000000000000000e+00
0.000000000000000000e+00
4.005616152774189821e-04
4.887414540691441787e-03
0.000000000000000000e+00
0.000000000000000000e+00
7.860269176923164944e-03
0.000000000000000000e+00
0.000000000000000000e+00
0.000000000000000000e+00
0.000000000000000000e+00
0.000000000000000000e+00
0.000000000000000000e+00
0.000000000000000000e+00
7.169288142300808513e-03
1.174735540465921685e-03
0.000000000000000000e+00
0.000000000000000000e+00
0.000000000000000000e+00
5.279516267224825324e-03
0.000000000000000000e+00
0.000000000000000000e+00
6.673416121581930011e-03
0.000000000000000000e+00
0.000000000000000000e+00
0.000000000000000000e+00
0.000000000000000000e+00
0.000000000000000000e+00
0.000000000000000000e+00
0.000000000000000000e+00
6.751112536588757020e-03
0.000000000000000000e+00
0.000000000000000000e+00
7.163585363428484447e-03
0.000000000000000000e+00
1.192734650470772366e-02
0.000000000000000000e+00
0.000000000000000000e+00
0.000000000000000000e+00
8.270523825324130329e-03
2.138761933835255959e-03
0.000000000000000000e+00
4.126615077445237867e-03
7.149084123739314796e-03
0.000000000000000000e+00
1.743400666724398006e-04
0.000000000000000000e+00
0.000000000000000000e+00
0.000000000000000000e+00
0.000000000000000000e+00
0.000000000000000000e+00
0.000000000000000000e+00
0.000000000000000000e+00
0.000000000000000000e+00
1.351175883033747804e-02
9.144585784323245453e-03
0.000000000000000000e+00
6.177937073685135180e-06
0.000000000000000000e+00
0.000000000000000000e+00
1.243338092689819270e-02
0.000000000000000000e+00
0.000000000000000000e+00
0.000000000000000000e+00
0.000000000000000000e+00
0.000000000000000000e+00
0.000000000000000000e+00
2.502551671179882500e-03
0.000000000000000000e+00
0.000000000000000000e+00
7.825528674264451562e-03
3.913435496211264270e-02
0.000000000000000000e+00
0.000000000000000000e+00
0.000000000000000000e+00
0.000000000000000000e+00
0.000000000000000000e+00
0.000000000000000000e+00
0.000000000000000000e+00
0.000000000000000000e+00
0.000000000000000000e+00
0.000000000000000000e+00
0.000000000000000000e+00
0.000000000000000000e+00
9.926164821901235780e-03
3.231444022964511786e-04
0.000000000000000000e+00
0.000000000000000000e+00
0.000000000000000000e+00
0.000000000000000000e+00
0.000000000000000000e+00
0.000000000000000000e+00
8.978918753305899225e-03
0.000000000000000000e+00
1.220799317076247913e-03
3.786284276565105023e-03
0.000000000000000000e+00
0.000000000000000000e+00
0.000000000000000000e+00
0.000000000000000000e+00
0.000000000000000000e+00
0.000000000000000000e+00
0.000000000000000000e+00
0.000000000000000000e+00
0.000000000000000000e+00
0.000000000000000000e+00
0.000000000000000000e+00
0.000000000000000000e+00
0.000000000000000000e+00
0.000000000000000000e+00
0.000000000000000000e+00
0.000000000000000000e+00
0.000000000000000000e+00
0.000000000000000000e+00
0.000000000000000000e+00
9.137924856351661851e-03
0.000000000000000000e+00
4.837743535871764748e-03
0.000000000000000000e+00
0.000000000000000000e+00
7.492532746921514754e-03
6.361610422307057994e-04
2.485991584006684053e-03
0.000000000000000000e+00
4.833120791475856853e-03
1.946084454001685907e-03
0.000000000000000000e+00
3.772898782929787632e-03
4.900416483270599171e-07
9.588585778045896971e-03
0.000000000000000000e+00
0.000000000000000000e+00
0.000000000000000000e+00
0.000000000000000000e+00
8.808173809211094704e-03
0.000000000000000000e+00
0.000000000000000000e+00
0.000000000000000000e+00
0.000000000000000000e+00
1.293458024498205902e-05
0.000000000000000000e+00
0.000000000000000000e+00
0.000000000000000000e+00
2.707422416597287610e-03
0.000000000000000000e+00
0.000000000000000000e+00
0.000000000000000000e+00
0.000000000000000000e+00
0.000000000000000000e+00
9.806930852944158172e-03
0.000000000000000000e+00
0.000000000000000000e+00
0.000000000000000000e+00
0.000000000000000000e+00
0.000000000000000000e+00
0.000000000000000000e+00
0.000000000000000000e+00
0.000000000000000000e+00
0.000000000000000000e+00
0.000000000000000000e+00
9.162279468078112247e-04
