1.879768667584425163e-04
0.000000000000000000e+00
0.000000000000000000e+00
0.000000000000000000e+00
0.000000000000000000e+00
0.000000000000000000e+00
0.000000000000000000e+00
0.000000000000000000e+00
0.000000000000000000e+00
7.734462301335722948e-07
0.000000000000000000e+00
4.102395317544043143e-03
2.818692010134862122e-05
6.307031223510984729e-04
0.000000000000000000e+00
0.000000000000000000e+00
0.000000000000000000e+00
0.000000000000000000e+00
1.974918890286514743e-04
2.521004654043427113e-05
0.000000000000000000e+00
0.000000000000000000e+00
0.000000000000000000e+00
0.000000000000000000e+00
1.378355421354620898e-04
0.000000000000000000e+00
0.000000000000000000e+00
0.000000000000000000e+00
0.000000000000000000e+00
0.000000000000000000e+00
4.150659744037748449e-06
0.000000000000000000e+00
5.823837309470832752e-02
2.360255726794722889e-04
1.148224232997301807e-04
0.000000000000000000e+00
0.000000000000000000e+00
0.000000000000000000e+00
0.000000000000000000e+00
1.534663504071119913e-02
0.000000000000000000e+00
0.000000000000000000e+00
0.000000000000000000e+00
0.000000000000000000e+00
2.216574065443397898e-03
2.015894882242744959e-04
5.875957035158147239e-06
9.754827367674114935e-05
0.000000000000000000e+00
6.956021592703760452e-07
1.421910183768513994e-04
0.000000000000000000e+00
0.000000000000000000e+00
0.000000000000000000e+00
0.000000000000000000e+00
0.000000000000000000e+00
1.861915142313962546e-04
1.982258276012074504e-03
0.000000000000000000e+00
0.000000000000000000e+00
3.289663143396054867e-04
0.000000000000000000e+00
0.000000000000000000e+00
0.000000000000000000e+00
0.000000000000000000e+00
0.000000000000000000e+00
0.000000000000000000e+00
0.000000000000000000e+00
1.309875160136804049e-03
2.980638331596815408e-04
0.000000000000000000e+00
0.000000000000000000e+00
0.000000000000000000e+00
2.621662457494095748e-04
0.000000000000000000e+00
0.000000000000000000e+00
5.248075993476803910e-05
0.000000000000000000e+00
0.000000000000000000e+00
0.000000000000000000e+00
0.000000000000000000e+00
0.000000000000000000e+00
0.000000000000000000e+00
0.000000000000000000e+00
5.673808491046118500e-04
0.000000000000000000e+00
0.000000000000000000e+00
1.263485832757583712e-04
0.000000000000000000e+00
1.833226613399374996e-03
0.000000000000000000e+00
0.000000000000000000e+00
0.000000000000000000e+00
6.493912762815314292e-04
4.026024727410097958e-05
0.000000000000000000e+00
2.094993057217702816e-04
8.778014514129725879e-05
0.000000000000000000e+00
3.303146636341713883e-04
0.000000000000000000e+00
0.000000000000000000e+00
0.000000000000000000e+00
0.000000000000000000e+00
0.000000000000000000e+00
0.000000000000000000e+00
0.000000000000000000e+00
0.000000000000000000e+00
4.025682783585063959e-05
7.481674001055366174e-02
0.000000000000000000e+00
1.116522543987317866e-03
0.000000000000000000e+00
0.000000000000000000e+00
6.864292140789336814e-05
0.000000000000000000e+00
0.000000000000000000e+00
0.000000000000000000e+00
0.000000000000000000e+00
0.000000000000000000e+00
0.000000000000000000e+00
6.370145104972437444e-04
0.000000000000000000e+00
0.000000000000000000e+00
2.331521830236503055e-04
3.754977812799312892e-02
0.000000000000000000e+00
0.000000000000000000e+00
0.000000000000000000e+00
0.000000000000000000e+00
0.000000000000000000e+00
0.000000000000000000e+00
0.000000000000000000e+00
0.000000000000000000e+00
0.000000000000000000e+00
0.000000000000000000e+00
0.000000000000000000e+00
0.000000000000000000e+00
5.091199498121338801e-05
4.601913133811731020e-04
0.000000000000000000e+00
0.000000000000000000e+00
0.000000000000000000e+00
0.000000000000000000e+00
0.000000000000000000e+00
0.000000000000000000e+00
3.705816469460511143e-05
0.000000000000000000e+00
1.138788732636320162e-06
5.848434765009782123e-05
0.000000000000000000e+00
0.000000000000000000e+00
0.000000000000000000e+00
0.000000000000000000e+00
0.000000000000000000e+00
0.000000000000000000e+00
0.000000000000000000e+00
0.000000000000000000e+00
0.000000000000000000e+00
0.000000000000000000e+00
0.000000000000000000e+00
0.000000000000000000e+00
0.000000000000000000e+00
0.000000000000000000e+00
0.000000000000000000e+00
0.000000000000000000e+00
0.000000000000000000e+00
0.000000000000000000e+00
0.000000000000000000e+00
5.317866973678878496e-04
0.000000000000000000e+00
6.899478170828912010e-05
0.000000000000000000e+00
0.000000000000000000e+00
3.806017986330446489e-05
9.569263585334971409e-05
9.539989055845879591e-04
0.000000000000000000e+00
7.849028674586887300e-04
5.856088500191799833e-04
0.000000000000000000e+00
1.920782263212258251e-04
5.055690984385377952e-04
4.008985065337863061e-05
0.000000000000000000e+00
0.000000000000000000e+00
0.000000000000000000e+00
0.000000000000000000e+00
1.280901877468132693e-04
0.000000000000000000e+00
0.000000000000000000e+00
0.000000000000000000e+00
0.000000000000000000e+00
1.367881882823377652e-04
0.000000000000000000e+00
0.000000000000000000e+00
0.000000000000000000e+00
2.358246987906380493e-04
0.000000000000000000e+00
0.000000000000000000e+00
0.000000000000000000e+00
0.000000000000000000e+00
0.000000000000000000e+00
6.853019760475689435e-05
0.000000000000000000e+00
0.000000000000000000e+00
0.000000000000000000e+00
0.000000000000000000e+00
0.000000000000000000e+00
0.000000000000000000e+00
0.000000000000000000e+00
0.000000000000000000e+00
0.000000000000000000e+00
0.000000000000000000e+00
1.098451439796355221e-03
