6.874766036297137479e-05
0.000000000000000000e+00
0.000000000000000000e+00
0.000000000000000000e+00
0.000000000000000000e+00
0.000000000000000000e+00
0.000000000000000000e+00
0.000000000000000000e+00
0.000000000000000000e+00
6.563754791277036610e-05
0.000000000000000000e+00
7.184684004662427771e-03
5.819113282152240480e-04
1.311491491312096174e-03
0.000000000000000000e+00
0.000000000000000000e+00
0.000000000000000000e+00
0.000000000000000000e+00
4.488204766717268049e-05
1.592808082161202836e-04
0.000000000000000000e+00
0.000000000000000000e+00
0.000000000000000000e+00
0.000000000000000000e+00
1.103937907003012157e-05
0.000000000000000000e+00
0.000000000000000000e+00
0.000000000000000000e+00
0.000000000000000000e+00
0.000000000000000000e+00
3.213573208394660311e-04
0.000000000000000000e+00
5.044149940852028086e-02
3.128688371738928722e-04
1.171421316481202862e-04
0.000000000000000000e+00
0.000000000000000000e+00
0.000000000000000000e+00
0.000000000000000000e+00
4.000545377343463216e-03
0.000000000000000000e+00
0.000000000000000000e+00
0.000000000000000000e+00
0.000000000000000000e+00
4.626503989042825277e-05
6.430827850139319039e-04
1.199519246745705593e-04
2.452773280365854337e-04
0.000000000000000000e+00
3.873390183710946838e-04
5.233719587989382619e-04
0.000000000000000000e+00
0.000000000000000000e+00
0.000000000000000000e+00
0.000000000000000000e+00
0.000000000000000000e+00
3.607344957678067232e-04
6.339565127456823655e-04
0.000000000000000000e+00
0.000000000000000000e+00
1.058916488925240568e-04
0.000000000000000000e+00
0.000000000000000000e+00
0.000000000000000000e+00
0.000000000000000000e+00
0.000000000000000000e+00
0.000000000000000000e+00
0.000000000000000000e+00
1.127295388880061291e-04
4.195080347106174056e-05
0.000000000000000000e+00
0.000000000000000000e+00
0.000000000000000000e+00
1.289036627143775844e-03
0.000000000000000000e+00
0.000000000000000000e+00
2.101736144526322161e-04
0.000000000000000000e+00
0.000000000000000000e+00
0.000000000000000000e+00
0.000000000000000000e+00
0.000000000000000000e+00
0.000000000000000000e+00
0.000000000000000000e+00
2.384440782487761909e-03
0.000000000000000000e+00
0.000000000000000000e+00
5.371667571559114545e-05
0.000000000000000000e+00
1.751976057716659121e-04
0.000000000000000000e+00
0.000000000000000000e+00
0.000000000000000000e+00
3.731861610822072240e-06
2.366921859347796270e-07
0.000000000000000000e+00
2.262155929588240992e-05
4.736691744567540638e-05
0.000000000000000000e+00
8.820569509225464205e-05
0.000000000000000000e+00
0.000000000000000000e+00
0.000000000000000000e+00
0.000000000000000000e+00
0.000000000000000000e+00
0.000000000000000000e+00
0.000000000000000000e+00
0.000000000000000000e+00
6.131415328634254661e-04
2.827706942985847537e-03
0.000000000000000000e+00
1.028766598142084876e-03
0.000000000000000000e+00
0.000000000000000000e+00
2.400203109886174762e-04
0.000000000000000000e+00
0.000000000000000000e+00
0.000000000000000000e+00
0.000000000000000000e+00
0.000000000000000000e+00
0.000000000000000000e+00
8.236472100052028402e-04
0.000000000000000000e+00
0.000000000000000000e+00
2.756203858283025080e-05
1.645311205572231802e-02
0.000000000000000000e+00
0.000000000000000000e+00
0.000000000000000000e+00
0.000000000000000000e+00
0.000000000000000000e+00
0.000000000000000000e+00
0.000000000000000000e+00
0.000000000000000000e+00
0.000000000000000000e+00
0.000000000000000000e+00
0.000000000000000000e+00
0.000000000000000000e+00
2.759878063951730744e-04
5.638398488620809405e-07
0.000000000000000000e+00
0.000000000000000000e+00
0.000000000000000000e+00
0.000000000000000000e+00
0.000000000000000000e+00
0.000000000000000000e+00
4.983136609094624499e-05
0.000000000000000000e+00
5.392929498889467824e-05
2.338376607701005611e-06
0.000000000000000000e+00
0.000000000000000000e+00
0.000000000000000000e+00
0.000000000000000000e+00
0.000000000000000000e+00
0.000000000000000000e+00
0.000000000000000000e+00
0.000000000000000000e+00
0.000000000000000000e+00
0.000000000000000000e+00
0.000000000000000000e+00
0.000000000000000000e+00
0.000000000000000000e+00
0.000000000000000000e+00
0.000000000000000000e+00
0.000000000000000000e+00
0.000000000000000000e+00
0.000000000000000000e+00
0.000000000000000000e+00
3.344922012043110063e-04
0.000000000000000000e+00
4.152082467442162858e-04
0.000000000000000000e+00
0.000000000000000000e+00
3.291588058366600096e-04
6.508525423282069961e-05
6.478471374020293493e-05
0.000000000000000000e+00
1.651171200040409636e-04
6.780402521887857030e-05
0.000000000000000000e+00
1.399557298007179972e-03
6.075219848383996060e-04
8.541170441918233183e-04
0.000000000000000000e+00
0.000000000000000000e+00
0.000000000000000000e+00
0.000000000000000000e+00
3.013783543591217308e-04
0.000000000000000000e+00
0.000000000000000000e+00
0.000000000000000000e+00
0.000000000000000000e+00
3.762886108445315453e-04
0.000000000000000000e+00
0.000000000000000000e+00
0.000000000000000000e+00
4.431830036896313932e-05
0.000000000000000000e+00
0.000000000000000000e+00
0.000000000000000000e+00
0.000000000000000000e+00
0.000000000000000000e+00
4.810133730388988405e-04
0.000000000000000000e+00
0.000000000000000000e+00
0.000000000000000000e+00
0.000000000000000000e+00
0.000000000000000000e+00
0.000000000000000000e+00
0.000000000000000000e+00
0.000000000000000000e+00
0.000000000000000000e+00
0.000000000000000000e+00
3.446336154124707285e-03
