1.036408690748769816e-04
0.000000000000000000e+00
0.000000000000000000e+00
0.000000000000000000e+00
0.000000000000000000e+00
0.000000000000000000e+00
0.000000000000000000e+00
0.000000000000000000e+00
0.000000000000000000e+00
8.563528061641625214e-06
0.000000000000000000e+00
9.740563513835636192e-03
1.560038247695190287e-04
8.488095851964876874e-04
0.000000000000000000e+00
0.000000000000000000e+00
0.000000000000000000e+00
0.000000000000000000e+00
4.008443485078372939e-05
3.790158600824423079e-05
0.000000000000000000e+00
0.000000000000000000e+00
0.000000000000000000e+00
0.000000000000000000e+00
9.376452670686075908e-06
0.000000000000000000e+00
0.000000000000000000e+00
0.000000000000000000e+00
0.000000000000000000e+00
0.000000000000000000e+00
2.309440587830910771e-08
0.000000000000000000e+00
1.033071200850963628e-01
1.973456900379650834e-04
1.495764290704404789e-05
0.000000000000000000e+00
0.000000000000000000e+00
0.000000000000000000e+00
0.000000000000000000e+00
5.302089136937712319e-03
0.000000000000000000e+00
0.000000000000000000e+00
0.000000000000000000e+00
0.000000000000000000e+00
5.311871848542425444e-05
3.988752720919674791e-04
8.096755536574509022e-05
1.976276874931433031e-04
0.000000000000000000e+00
1.438044172374054803e-06
6.579135406005790464e-05
0.000000000000000000e+00
0.000000000000000000e+00
0.000000000000000000e+00
0.000000000000000000e+00
0.000000000000000000e+00
1.018803213764604091e-03
7.129505059287452237e-05
0.000000000000000000e+00
0.000000000000000000e+00
3.660813423870509830e-04
0.000000000000000000e+00
0.000000000000000000e+00
0.000000000000000000e+00
0.000000000000000000e+00
0.000000000000000000e+00
0.000000000000000000e+00
0.000000000000000000e+00
1.846193471358082870e-04
4.526650957651726375e-05
0.000000000000000000e+00
0.000000000000000000e+00
0.000000000000000000e+00
2.288408835397572375e-04
0.000000000000000000e+00
0.000000000000000000e+00
2.293148535352148307e-04
0.000000000000000000e+00
0.000000000000000000e+00
0.000000000000000000e+00
0.000000000000000000e+00
0.000000000000000000e+00
0.000000000000000000e+00
0.000000000000000000e+00
4.193827780994228424e-05
0.000000000000000000e+00
0.000000000000000000e+00
1.146960564731097046e-04
0.000000000000000000e+00
1.911122172046421058e-05
0.000000000000000000e+00
0.000000000000000000e+00
0.000000000000000000e+00
1.825115742558462118e-05
8.495123263835949087e-06
0.000000000000000000e+00
3.149268193323619797e-04
5.155268133152293059e-06
0.000000000000000000e+00
2.219544493630187288e-05
0.000000000000000000e+00
0.000000000000000000e+00
0.000000000000000000e+00
0.000000000000000000e+00
0.000000000000000000e+00
0.000000000000000000e+00
0.000000000000000000e+00
0.000000000000000000e+00
4.829068778920562110e-05
7.481674032836217736e-02
0.000000000000000000e+00
1.034417831834670738e-03
0.000000000000000000e+00
0.000000000000000000e+00
6.676793561326980814e-05
0.000000000000000000e+00
0.000000000000000000e+00
0.000000000000000000e+00
0.000000000000000000e+00
0.000000000000000000e+00
0.000000000000000000e+00
1.485154981064596346e-03
0.000000000000000000e+00
0.000000000000000000e+00
2.043841849861705061e-04
2.276336034677380743e-02
0.000000000000000000e+00
0.000000000000000000e+00
0.000000000000000000e+00
0.000000000000000000e+00
0.000000000000000000e+00
0.000000000000000000e+00
0.000000000000000000e+00
0.000000000000000000e+00
0.000000000000000000e+00
0.000000000000000000e+00
0.000000000000000000e+00
0.000000000000000000e+00
1.037314415469327381e-04
2.897734032761354727e-06
0.000000000000000000e+00
0.000000000000000000e+00
0.000000000000000000e+00
0.000000000000000000e+00
0.000000000000000000e+00
0.000000000000000000e+00
6.934251762642185623e-05
0.000000000000000000e+00
2.173594958222395317e-05
3.863749880503666596e-05
0.000000000000000000e+00
0.000000000000000000e+00
0.000000000000000000e+00
0.000000000000000000e+00
0.000000000000000000e+00
0.000000000000000000e+00
0.000000000000000000e+00
0.000000000000000000e+00
0.000000000000000000e+00
0.000000000000000000e+00
0.000000000000000000e+00
0.000000000000000000e+00
0.000000000000000000e+00
0.000000000000000000e+00
0.000000000000000000e+00
0.000000000000000000e+00
0.000000000000000000e+00
0.000000000000000000e+00
0.000000000000000000e+00
2.753955144080104931e-04
0.000000000000000000e+00
2.113889366328534599e-04
0.000000000000000000e+00
0.000000000000000000e+00
3.025604941074815028e-05
4.013909408399751321e-05
2.622732600146725069e-05
0.000000000000000000e+00
3.399931797932248729e-04
3.446527467407496182e-04
0.000000000000000000e+00
6.658901895887913986e-05
4.236816305220888297e-04
1.141941203454467407e-04
0.000000000000000000e+00
0.000000000000000000e+00
0.000000000000000000e+00
0.000000000000000000e+00
4.441221327397596824e-05
0.000000000000000000e+00
0.000000000000000000e+00
0.000000000000000000e+00
0.000000000000000000e+00
2.778348820123888099e-06
0.000000000000000000e+00
0.000000000000000000e+00
0.000000000000000000e+00
1.520891656151697176e-04
0.000000000000000000e+00
0.000000000000000000e+00
0.000000000000000000e+00
0.000000000000000000e+00
0.000000000000000000e+00
2.201872014481597394e-05
0.000000000000000000e+00
0.000000000000000000e+00
0.000000000000000000e+00
0.000000000000000000e+00
0.000000000000000000e+00
0.000000000000000000e+00
0.000000000000000000e+00
0.000000000000000000e+00
0.000000000000000000e+00
0.000000000000000000e+00
1.879408268495563056e-02
