2.150266440006171948e-05
0.000000000000000000e+00
0.000000000000000000e+00
0.000000000000000000e+00
0.000000000000000000e+00
0.000000000000000000e+00
0.000000000000000000e+00
0.000000000000000000e+00
0.000000000000000000e+00
1.205721827718984260e-05
0.000000000000000000e+00
8.704072355322391499e-03
1.103447425123553244e-04
2.107336689035146232e-03
0.000000000000000000e+00
0.000000000000000000e+00
0.000000000000000000e+00
0.000000000000000000e+00
1.701291422033896788e-05
3.827794344634922167e-05
0.000000000000000000e+00
0.000000000000000000e+00
0.000000000000000000e+00
0.000000000000000000e+00
9.864051891840844741e-06
0.000000000000000000e+00
0.000000000000000000e+00
0.000000000000000000e+00
0.000000000000000000e+00
0.000000000000000000e+00
6.159917571424726025e-07
0.000000000000000000e+00
1.032792693716613475e-01
1.222456275461672318e-04
2.234334547683459196e-05
0.000000000000000000e+00
0.000000000000000000e+00
0.000000000000000000e+00
0.000000000000000000e+00
5.301778102275499747e-03
0.000000000000000000e+00
0.000000000000000000e+00
0.000000000000000000e+00
0.000000000000000000e+00
5.311872818159263572e-05
8.624727112723545776e-04
6.944534416439359541e-05
3.092302253947755084e-04
0.000000000000000000e+00
7.643933138925112787e-06
7.051103449975291103e-05
0.000000000000000000e+00
0.000000000000000000e+00
0.000000000000000000e+00
0.000000000000000000e+00
0.000000000000000000e+00
7.140438752047480100e-04
1.674417166787306010e-04
0.000000000000000000e+00
0.000000000000000000e+00
9.550959994164951892e-04
0.000000000000000000e+00
0.000000000000000000e+00
0.000000000000000000e+00
0.000000000000000000e+00
0.000000000000000000e+00
0.000000000000000000e+00
0.000000000000000000e+00
1.252587613659646244e-05
3.496061389511679273e-04
0.000000000000000000e+00
0.000000000000000000e+00
0.000000000000000000e+00
4.518592774351243886e-06
0.000000000000000000e+00
0.000000000000000000e+00
1.943217918712981192e-04
0.000000000000000000e+00
0.000000000000000000e+00
0.000000000000000000e+00
0.000000000000000000e+00
0.000000000000000000e+00
0.000000000000000000e+00
0.000000000000000000e+00
1.149151096636316302e-03
0.000000000000000000e+00
0.000000000000000000e+00
1.008674127538762523e-04
0.000000000000000000e+00
3.170779402853035172e-05
0.000000000000000000e+00
0.000000000000000000e+00
0.000000000000000000e+00
6.820761250447802417e-06
8.108662337729379473e-07
0.000000000000000000e+00
4.117471238493559011e-05
8.744344627859583082e-06
0.000000000000000000e+00
3.053817035551648334e-04
0.000000000000000000e+00
0.000000000000000000e+00
0.000000000000000000e+00
0.000000000000000000e+00
0.000000000000000000e+00
0.000000000000000000e+00
0.000000000000000000e+00
0.000000000000000000e+00
4.577711942085777052e-05
7.481674021329259849e-02
0.000000000000000000e+00
1.329159017692997354e-03
0.000000000000000000e+00
0.000000000000000000e+00
7.385077812667993104e-05
0.000000000000000000e+00
0.000000000000000000e+00
0.000000000000000000e+00
0.000000000000000000e+00
0.000000000000000000e+00
0.000000000000000000e+00
8.950641649007835604e-04
0.000000000000000000e+00
0.000000000000000000e+00
4.219703809607688720e-04
2.711698908448308826e-02
0.000000000000000000e+00
0.000000000000000000e+00
0.000000000000000000e+00
0.000000000000000000e+00
0.000000000000000000e+00
0.000000000000000000e+00
0.000000000000000000e+00
0.000000000000000000e+00
0.000000000000000000e+00
0.000000000000000000e+00
0.000000000000000000e+00
0.000000000000000000e+00
1.033759168706155688e-04
1.010497990343866594e-07
0.000000000000000000e+00
0.000000000000000000e+00
0.000000000000000000e+00
0.000000000000000000e+00
0.000000000000000000e+00
0.000000000000000000e+00
6.096539451644015638e-05
0.000000000000000000e+00
2.173260941552445066e-05
9.855477190215084589e-05
0.000000000000000000e+00
0.000000000000000000e+00
0.000000000000000000e+00
0.000000000000000000e+00
0.000000000000000000e+00
0.000000000000000000e+00
0.000000000000000000e+00
0.000000000000000000e+00
0.000000000000000000e+00
0.000000000000000000e+00
0.000000000000000000e+00
0.000000000000000000e+00
0.000000000000000000e+00
0.000000000000000000e+00
0.000000000000000000e+00
0.000000000000000000e+00
0.000000000000000000e+00
0.000000000000000000e+00
0.000000000000000000e+00
3.250432613341017771e-04
0.000000000000000000e+00
7.123899844606205935e-05
0.000000000000000000e+00
0.000000000000000000e+00
1.515910728722101304e-05
3.626928067239723765e-05
8.590423232487831204e-05
0.000000000000000000e+00
1.429664703177568872e-05
3.581775399249812939e-04
0.000000000000000000e+00
1.087459528168012909e-06
8.728171161499297505e-04
1.402769427998716708e-04
0.000000000000000000e+00
0.000000000000000000e+00
0.000000000000000000e+00
0.000000000000000000e+00
1.196643693660912186e-04
0.000000000000000000e+00
0.000000000000000000e+00
0.000000000000000000e+00
0.000000000000000000e+00
2.275481196180152938e-06
0.000000000000000000e+00
0.000000000000000000e+00
0.000000000000000000e+00
1.427414786814128612e-04
0.000000000000000000e+00
0.000000000000000000e+00
0.000000000000000000e+00
0.000000000000000000e+00
0.000000000000000000e+00
4.165968515945392518e-08
0.000000000000000000e+00
0.000000000000000000e+00
0.000000000000000000e+00
0.000000000000000000e+00
0.000000000000000000e+00
0.000000000000000000e+00
0.000000000000000000e+00
0.000000000000000000e+00
0.000000000000000000e+00
0.000000000000000000e+00
3.055239784717815859e-03
