7.913601690554989960e-05
0.000000000000000000e+00
0.000000000000000000e+00
0.000000000000000000e+00
0.000000000000000000e+00
0.000000000000000000e+00
0.000000000000000000e+00
0.000000000000000000e+00
0.000000000000000000e+00
2.279765993913231560e-04
0.000000000000000000e+00
3.105676819076952887e-03
7.572532084985347843e-05
8.956930529091446536e-04
0.000000000000000000e+00
0.000000000000000000e+00
0.000000000000000000e+00
0.000000000000000000e+00
2.488283519427534372e-06
3.817398747716242632e-05
0.000000000000000000e+00
0.000000000000000000e+00
0.000000000000000000e+00
0.000000000000000000e+00
1.127480787616401969e-05
0.000000000000000000e+00
0.000000000000000000e+00
0.000000000000000000e+00
0.000000000000000000e+00
0.000000000000000000e+00
5.456090337361981376e-06
0.000000000000000000e+00
1.027703822881173706e-01
9.338419610115575287e-05
4.423210793063540109e-06
0.000000000000000000e+00
0.000000000000000000e+00
0.000000000000000000e+00
0.000000000000000000e+00
5.305378329681053641e-03
0.000000000000000000e+00
0.000000000000000000e+00
0.000000000000000000e+00
0.000000000000000000e+00
1.520208264236983706e-06
3.645479960682745783e-04
7.442264643142263217e-05
3.094959377961557984e-04
0.000000000000000000e+00
2.405377409149369159e-06
9.680298416245693236e-05
0.000000000000000000e+00
0.000000000000000000e+00
0.000000000000000000e+00
0.000000000000000000e+00
0.000000000000000000e+00
9.254880543302986418e-05
8.886935811602070592e-04
0.000000000000000000e+00
0.000000000000000000e+00
6.884988663763307645e-04
0.000000000000000000e+00
0.000000000000000000e+00
0.000000000000000000e+00
0.000000000000000000e+00
0.000000000000000000e+00
0.000000000000000000e+00
0.000000000000000000e+00
1.258138361014576165e-05
3.359428226007863598e-05
0.000000000000000000e+00
0.000000000000000000e+00
0.000000000000000000e+00
2.067841712232389335e-04
0.000000000000000000e+00
0.000000000000000000e+00
1.279919436485375535e-04
0.000000000000000000e+00
0.000000000000000000e+00
0.000000000000000000e+00
0.000000000000000000e+00
0.000000000000000000e+00
0.000000000000000000e+00
0.000000000000000000e+00
5.780675444711793308e-04
0.000000000000000000e+00
0.000000000000000000e+00
4.577606538459072348e-05
0.000000000000000000e+00
2.637338681525707779e-05
0.000000000000000000e+00
0.000000000000000000e+00
0.000000000000000000e+00
1.922558181946223732e-05
2.226903172765184029e-06
0.000000000000000000e+00
2.864879722168605486e-04
8.958279089937722344e-06
0.000000000000000000e+00
3.400868909157203439e-04
0.000000000000000000e+00
0.000000000000000000e+00
0.000000000000000000e+00
0.000000000000000000e+00
0.000000000000000000e+00
0.000000000000000000e+00
0.000000000000000000e+00
0.000000000000000000e+00
5.802012395021584454e-05
3.944701641753449049e-05
0.000000000000000000e+00
7.255850159722490762e-04
0.000000000000000000e+00
0.000000000000000000e+00
7.585733099526455160e-05
0.000000000000000000e+00
0.000000000000000000e+00
0.000000000000000000e+00
0.000000000000000000e+00
0.000000000000000000e+00
0.000000000000000000e+00
6.747141764142659858e-04
0.000000000000000000e+00
0.000000000000000000e+00
2.860914451866066908e-04
2.141100676270833725e-02
0.000000000000000000e+00
0.000000000000000000e+00
0.000000000000000000e+00
0.000000000000000000e+00
0.000000000000000000e+00
0.000000000000000000e+00
0.000000000000000000e+00
0.000000000000000000e+00
0.000000000000000000e+00
0.000000000000000000e+00
0.000000000000000000e+00
0.000000000000000000e+00
1.704896565593283487e-04
4.542090791875750164e-06
0.000000000000000000e+00
0.000000000000000000e+00
0.000000000000000000e+00
0.000000000000000000e+00
0.000000000000000000e+00
0.000000000000000000e+00
6.619971885246979935e-05
0.000000000000000000e+00
2.163650827864428548e-05
1.222573073613876895e-04
0.000000000000000000e+00
0.000000000000000000e+00
0.000000000000000000e+00
0.000000000000000000e+00
0.000000000000000000e+00
0.000000000000000000e+00
0.000000000000000000e+00
0.000000000000000000e+00
0.000000000000000000e+00
0.000000000000000000e+00
0.000000000000000000e+00
0.000000000000000000e+00
0.000000000000000000e+00
0.000000000000000000e+00
0.000000000000000000e+00
0.000000000000000000e+00
0.000000000000000000e+00
0.000000000000000000e+00
0.000000000000000000e+00
3.103037819938375772e-04
0.000000000000000000e+00
4.348195926413048310e-05
0.000000000000000000e+00
0.000000000000000000e+00
3.806014481361035402e-05
4.321952670422302063e-07
4.704384998537500229e-05
0.000000000000000000e+00
1.570882983997591912e-04
2.779010903935772206e-04
0.000000000000000000e+00
1.783673509593545364e-04
3.203555351611901345e-04
1.424235207580964503e-04
0.000000000000000000e+00
0.000000000000000000e+00
0.000000000000000000e+00
0.000000000000000000e+00
5.368719700568576797e-05
0.000000000000000000e+00
0.000000000000000000e+00
0.000000000000000000e+00
0.000000000000000000e+00
5.012857794103126665e-05
0.000000000000000000e+00
0.000000000000000000e+00
0.000000000000000000e+00
1.636610394165144086e-04
0.000000000000000000e+00
0.000000000000000000e+00
0.000000000000000000e+00
0.000000000000000000e+00
0.000000000000000000e+00
1.521235591028658997e-05
0.000000000000000000e+00
0.000000000000000000e+00
0.000000000000000000e+00
0.000000000000000000e+00
0.000000000000000000e+00
0.000000000000000000e+00
0.000000000000000000e+00
0.000000000000000000e+00
0.000000000000000000e+00
0.000000000000000000e+00
9.002111803082319319e-04
