1.260228201011346196e-04
0.000000000000000000e+00
0.000000000000000000e+00
0.000000000000000000e+00
0.000000000000000000e+00
0.000000000000000000e+00
0.000000000000000000e+00
0.000000000000000000e+00
0.000000000000000000e+00
4.583691193406892045e-03
0.000000000000000000e+00
4.389372105884108664e-03
4.407699865537267891e-03
4.653642125932778463e-04
0.000000000000000000e+00
0.000000000000000000e+00
0.000000000000000000e+00
0.000000000000000000e+00
6.829753916001000784e-03
8.676742182447454155e-03
0.000000000000000000e+00
0.000000000000000000e+00
0.000000000000000000e+00
0.000000000000000000e+00
3.636381894494643014e-03
0.000000000000000000e+00
0.000000000000000000e+00
0.000000000000000000e+00
0.000000000000000000e+00
0.000000000000000000e+00
1.479435318548509223e-02
0.000000000000000000e+00
1.656287367585203008e-01
9.986865720912979638e-03
1.318060777290355756e-02
0.000000000000000000e+00
0.000000000000000000e+00
0.000000000000000000e+00
0.000000000000000000e+00
3.943020080800172661e-02
0.000000000000000000e+00
0.000000000000000000e+00
0.000000000000000000e+00
0.000000000000000000e+00
1.266668980382151810e-02
6.214298302927778392e-03
4.878629099914169598e-03
1.316023029578914684e-02
0.000000000000000000e+00
8.571948927702409057e-03
4.929289964085920364e-03
0.000000000000000000e+00
0.000000000000000000e+00
0.000000000000000000e+00
0.000000000000000000e+00
0.000000000000000000e+00
4.005614950462733047e-04
4.887415985733330019e-03
0.000000000000000000e+00
0.000000000000000000e+00
7.860272311051241800e-03
0.000000000000000000e+00
0.000000000000000000e+00
0.000000000000000000e+00
0.000000000000000000e+00
0.000000000000000000e+00
0.000000000000000000e+00
0.000000000000000000e+00
7.169287781564584634e-03
1.174718153209736073e-03
0.000000000000000000e+00
0.000000000000000000e+00
0.000000000000000000e+00
5.279517060783881464e-03
0.000000000000000000e+00
0.000000000000000000e+00
6.673417383495866204e-03
0.000000000000000000e+00
0.000000000000000000e+00
0.000000000000000000e+00
0.000000000000000000e+00
0.000000000000000000e+00
0.000000000000000000e+00
0.000000000000000000e+00
6.751125237520800085e-03
0.000000000000000000e+00
0.000000000000000000e+00
7.163583469274088615e-03
0.000000000000000000e+00
1.192734333640054108e-02
0.000000000000000000e+00
0.000000000000000000e+00
0.000000000000000000e+00
8.270522462009271755e-03
2.138761545720165979e-03
0.000000000000000000e+00
4.126613694386687368e-03
7.149069931449299718e-03
0.000000000000000000e+00
1.743397337045679931e-04
0.000000000000000000e+00
0.000000000000000000e+00
0.000000000000000000e+00
0.000000000000000000e+00
0.000000000000000000e+00
0.000000000000000000e+00
0.000000000000000000e+00
0.000000000000000000e+00
1.351175658621523758e-02
9.144591517518049772e-03
0.000000000000000000e+00
6.178006498187719057e-06
0.000000000000000000e+00
0.000000000000000000e+00
1.243338204680584196e-02
0.000000000000000000e+00
0.000000000000000000e+00
0.000000000000000000e+00
0.000000000000000000e+00
0.000000000000000000e+00
0.000000000000000000e+00
2.502553066949241099e-03
0.000000000000000000e+00
0.000000000000000000e+00
7.825527386104216832e-03
3.913435441371707069e-02
0.000000000000000000e+00
0.000000000000000000e+00
0.000000000000000000e+00
0.000000000000000000e+00
0.000000000000000000e+00
0.000000000000000000e+00
0.000000000000000000e+00
0.000000000000000000e+00
0.000000000000000000e+00
0.000000000000000000e+00
0.000000000000000000e+00
0.000000000000000000e+00
9.926163464234751335e-03
3.231444377014044533e-04
0.000000000000000000e+00
0.000000000000000000e+00
0.000000000000000000e+00
0.000000000000000000e+00
0.000000000000000000e+00
0.000000000000000000e+00
8.962596982015055835e-03
0.000000000000000000e+00
6.653960764015471544e-04
3.786286393396720833e-03
0.000000000000000000e+00
0.000000000000000000e+00
0.000000000000000000e+00
0.000000000000000000e+00
0.000000000000000000e+00
0.000000000000000000e+00
0.000000000000000000e+00
0.000000000000000000e+00
0.000000000000000000e+00
0.000000000000000000e+00
0.000000000000000000e+00
0.000000000000000000e+00
0.000000000000000000e+00
0.000000000000000000e+00
0.000000000000000000e+00
0.000000000000000000e+00
0.000000000000000000e+00
0.000000000000000000e+00
0.000000000000000000e+00
9.137924549260937473e-03
0.000000000000000000e+00
4.837745098595459987e-03
0.000000000000000000e+00
0.000000000000000000e+00
7.492533069820442836e-03
6.361621270123105120e-04
2.485990734846769794e-03
0.000000000000000000e+00
4.833079628463907325e-03
1.946084150154513874e-03
0.000000000000000000e+00
3.772896777837169650e-03
4.900498789432397484e-07
9.588586126405484675e-03
0.000000000000000000e+00
0.000000000000000000e+00
0.000000000000000000e+00
0.000000000000000000e+00
8.808173255178778152e-03
0.000000000000000000e+00
0.000000000000000000e+00
0.000000000000000000e+00
0.000000000000000000e+00
1.293675758116816032e-05
0.000000000000000000e+00
0.000000000000000000e+00
0.000000000000000000e+00
2.707422099561119892e-03
0.000000000000000000e+00
0.000000000000000000e+00
0.000000000000000000e+00
0.000000000000000000e+00
0.000000000000000000e+00
9.806931635798658148e-03
0.000000000000000000e+00
0.000000000000000000e+00
0.000000000000000000e+00
0.000000000000000000e+00
0.000000000000000000e+00
0.000000000000000000e+00
0.000000000000000000e+00
0.000000000000000000e+00
0.000000000000000000e+00
0.000000000000000000e+00
9.162271807422570254e-04
