1.698516924506726720e-04
0.000000000000000000e+00
0.000000000000000000e+00
0.000000000000000000e+00
0.000000000000000000e+00
0.000000000000000000e+00
0.000000000000000000e+00
0.000000000000000000e+00
0.000000000000000000e+00
3.024258054611415154e-05
0.000000000000000000e+00
2.805967384823315498e-03
2.960206628640229806e-06
3.757813418709728386e-03
0.000000000000000000e+00
0.000000000000000000e+00
0.000000000000000000e+00
0.000000000000000000e+00
1.048026641412677553e-04
8.171932397648716605e-05
0.000000000000000000e+00
0.000000000000000000e+00
0.000000000000000000e+00
0.000000000000000000e+00
9.763573671300751640e-06
0.000000000000000000e+00
0.000000000000000000e+00
0.000000000000000000e+00
0.000000000000000000e+00
0.000000000000000000e+00
1.182769065945288179e-06
0.000000000000000000e+00
8.449978549413129925e-02
3.936901864279650996e-05
9.539202213347476216e-08
0.000000000000000000e+00
0.000000000000000000e+00
0.000000000000000000e+00
0.000000000000000000e+00
5.525445806846569947e-03
0.000000000000000000e+00
0.000000000000000000e+00
0.000000000000000000e+00
0.000000000000000000e+00
3.186971015090102003e-06
1.498474758210791697e-04
7.320253603898099260e-05
1.669310786198338061e-04
0.000000000000000000e+00
1.171522263471893597e-05
2.880967779823601213e-04
0.000000000000000000e+00
0.000000000000000000e+00
0.000000000000000000e+00
0.000000000000000000e+00
0.000000000000000000e+00
9.239152208546548561e-04
1.711579281849943740e-05
0.000000000000000000e+00
0.000000000000000000e+00
5.712369073997303637e-04
0.000000000000000000e+00
0.000000000000000000e+00
0.000000000000000000e+00
0.000000000000000000e+00
0.000000000000000000e+00
0.000000000000000000e+00
0.000000000000000000e+00
2.524409265300175736e-04
6.815245117948897551e-04
0.000000000000000000e+00
0.000000000000000000e+00
0.000000000000000000e+00
2.771368811279088470e-04
0.000000000000000000e+00
0.000000000000000000e+00
3.175943722879573611e-05
0.000000000000000000e+00
0.000000000000000000e+00
0.000000000000000000e+00
0.000000000000000000e+00
0.000000000000000000e+00
0.000000000000000000e+00
0.000000000000000000e+00
4.144521543379891344e-05
0.000000000000000000e+00
0.000000000000000000e+00
1.480284836672673694e-04
0.000000000000000000e+00
4.116416723787683765e-06
0.000000000000000000e+00
0.000000000000000000e+00
0.000000000000000000e+00
2.105399857876342554e-08
3.292905502829620332e-04
0.000000000000000000e+00
2.956768420254503207e-04
4.610867629650326032e-06
0.000000000000000000e+00
5.532015042376050087e-03
0.000000000000000000e+00
0.000000000000000000e+00
0.000000000000000000e+00
0.000000000000000000e+00
0.000000000000000000e+00
0.000000000000000000e+00
0.000000000000000000e+00
0.000000000000000000e+00
3.895834907109626952e-05
2.721644603504056210e-08
0.000000000000000000e+00
2.310241893513780963e-03
0.000000000000000000e+00
0.000000000000000000e+00
6.324063471055917356e-05
0.000000000000000000e+00
0.000000000000000000e+00
0.000000000000000000e+00
0.000000000000000000e+00
0.000000000000000000e+00
0.000000000000000000e+00
1.368158760219641322e-03
0.000000000000000000e+00
0.000000000000000000e+00
2.618550499861078290e-04
3.693765970013305339e-02
0.000000000000000000e+00
0.000000000000000000e+00
0.000000000000000000e+00
0.000000000000000000e+00
0.000000000000000000e+00
0.000000000000000000e+00
0.000000000000000000e+00
0.000000000000000000e+00
0.000000000000000000e+00
0.000000000000000000e+00
0.000000000000000000e+00
0.000000000000000000e+00
3.316269300245896476e-05
2.955283524386875366e-06
0.000000000000000000e+00
0.000000000000000000e+00
0.000000000000000000e+00
0.000000000000000000e+00
0.000000000000000000e+00
0.000000000000000000e+00
1.006613552894534605e-04
0.000000000000000000e+00
3.793035511773184236e-05
7.041064322138286622e-04
0.000000000000000000e+00
0.000000000000000000e+00
0.000000000000000000e+00
0.000000000000000000e+00
0.000000000000000000e+00
0.000000000000000000e+00
0.000000000000000000e+00
0.000000000000000000e+00
0.000000000000000000e+00
0.000000000000000000e+00
0.000000000000000000e+00
0.000000000000000000e+00
0.000000000000000000e+00
0.000000000000000000e+00
0.000000000000000000e+00
0.000000000000000000e+00
0.000000000000000000e+00
0.000000000000000000e+00
0.000000000000000000e+00
1.840775758993322910e-05
0.000000000000000000e+00
3.977535361274966167e-05
0.000000000000000000e+00
0.000000000000000000e+00
1.187327614697736164e-05
2.581157510904322318e-07
9.828926133689032700e-05
0.000000000000000000e+00
6.145149740296924109e-05
1.412947997333403047e-03
0.000000000000000000e+00
4.977624846839174134e-05
2.600173103167465567e-04
1.189521671923107049e-04
0.000000000000000000e+00
0.000000000000000000e+00
0.000000000000000000e+00
0.000000000000000000e+00
1.743971946685432387e-04
0.000000000000000000e+00
0.000000000000000000e+00
0.000000000000000000e+00
0.000000000000000000e+00
3.068512645002060462e-04
0.000000000000000000e+00
0.000000000000000000e+00
0.000000000000000000e+00
2.261173330824129595e-04
0.000000000000000000e+00
0.000000000000000000e+00
0.000000000000000000e+00
0.000000000000000000e+00
0.000000000000000000e+00
1.969254734500116471e-05
0.000000000000000000e+00
0.000000000000000000e+00
0.000000000000000000e+00
0.000000000000000000e+00
0.000000000000000000e+00
0.000000000000000000e+00
0.000000000000000000e+00
0.000000000000000000e+00
0.000000000000000000e+00
0.000000000000000000e+00
1.935306663083834720e-03
