7.913609119077946502e-05
0.000000000000000000e+00
0.000000000000000000e+00
0.000000000000000000e+00
0.000000000000000000e+00
0.000000000000000000e+00
0.000000000000000000e+00
0.000000000000000000e+00
0.000000000000000000e+00
2.207109729956428432e-04
0.000000000000000000e+00
3.105677186828478299e-03
7.572531392896581447e-05
8.956930758392523360e-04
0.000000000000000000e+00
0.000000000000000000e+00
0.000000000000000000e+00
0.000000000000000000e+00
2.488281258306671615e-06
3.817397148854233724e-05
0.000000000000000000e+00
0.000000000000000000e+00
0.000000000000000000e+00
0.000000000000000000e+00
1.127455525066649433e-05
0.000000000000000000e+00
0.000000000000000000e+00
0.000000000000000000e+00
0.000000000000000000e+00
0.000000000000000000e+00
5.457329775920864941e-06
0.000000000000000000e+00
1.027709934308681655e-01
9.338421026805574648e-05
4.423210430256163295e-06
0.000000000000000000e+00
0.000000000000000000e+00
0.000000000000000000e+00
0.000000000000000000e+00
5.305408211845744244e-03
0.000000000000000000e+00
0.000000000000000000e+00
0.000000000000000000e+00
0.000000000000000000e+00
1.520178019740864843e-06
3.645475344455278771e-04
7.442267845156782093e-05
3.094959008383345008e-04
0.000000000000000000e+00
2.405386176484825691e-06
9.680297520916774539e-05
0.000000000000000000e+00
0.000000000000000000e+00
0.000000000000000000e+00
0.000000000000000000e+00
0.000000000000000000e+00
9.254892463074777657e-05
8.886934117861834638e-04
0.000000000000000000e+00
0.000000000000000000e+00
6.884988596547973868e-04
0.000000000000000000e+00
0.000000000000000000e+00
0.000000000000000000e+00
0.000000000000000000e+00
0.000000000000000000e+00
0.000000000000000000e+00
0.000000000000000000e+00
1.258138921035067077e-05
3.359438176767093331e-05
0.000000000000000000e+00
0.000000000000000000e+00
0.000000000000000000e+00
2.067841418224897372e-04
0.000000000000000000e+00
0.000000000000000000e+00
1.279919249382355012e-04
0.000000000000000000e+00
0.000000000000000000e+00
0.000000000000000000e+00
0.000000000000000000e+00
0.000000000000000000e+00
0.000000000000000000e+00
0.000000000000000000e+00
5.780675310403314256e-04
0.000000000000000000e+00
0.000000000000000000e+00
4.577608542177730763e-05
0.000000000000000000e+00
2.637359914377275172e-05
0.000000000000000000e+00
0.000000000000000000e+00
0.000000000000000000e+00
1.922539908982928185e-05
2.226898096904845584e-06
0.000000000000000000e+00
2.864879808441716537e-04
8.958282592909082997e-06
0.000000000000000000e+00
3.400860620615290620e-04
0.000000000000000000e+00
0.000000000000000000e+00
0.000000000000000000e+00
0.000000000000000000e+00
0.000000000000000000e+00
0.000000000000000000e+00
0.000000000000000000e+00
0.000000000000000000e+00
5.802030431378753803e-05
3.944707712364961983e-05
0.000000000000000000e+00
7.255850644037252451e-04
0.000000000000000000e+00
0.000000000000000000e+00
7.585746207729518464e-05
0.000000000000000000e+00
0.000000000000000000e+00
0.000000000000000000e+00
0.000000000000000000e+00
0.000000000000000000e+00
0.000000000000000000e+00
6.747141069225609522e-04
0.000000000000000000e+00
0.000000000000000000e+00
2.860914724117748285e-04
2.141103275988187268e-02
0.000000000000000000e+00
0.000000000000000000e+00
0.000000000000000000e+00
0.000000000000000000e+00
0.000000000000000000e+00
0.000000000000000000e+00
0.000000000000000000e+00
0.000000000000000000e+00
0.000000000000000000e+00
0.000000000000000000e+00
0.000000000000000000e+00
0.000000000000000000e+00
1.704904844894794080e-04
4.542088620661070153e-06
0.000000000000000000e+00
0.000000000000000000e+00
0.000000000000000000e+00
0.000000000000000000e+00
0.000000000000000000e+00
0.000000000000000000e+00
6.619962124439278286e-05
0.000000000000000000e+00
2.163655130474762266e-05
1.222573998741643443e-04
0.000000000000000000e+00
0.000000000000000000e+00
0.000000000000000000e+00
0.000000000000000000e+00
0.000000000000000000e+00
0.000000000000000000e+00
0.000000000000000000e+00
0.000000000000000000e+00
0.000000000000000000e+00
0.000000000000000000e+00
0.000000000000000000e+00
0.000000000000000000e+00
0.000000000000000000e+00
0.000000000000000000e+00
0.000000000000000000e+00
0.000000000000000000e+00
0.000000000000000000e+00
0.000000000000000000e+00
0.000000000000000000e+00
3.103040302101692889e-04
0.000000000000000000e+00
4.348199192333669410e-05
0.000000000000000000e+00
0.000000000000000000e+00
3.806043653245032234e-05
4.321954949038817010e-07
4.704385264831898464e-05
0.000000000000000000e+00
1.570882713115884818e-04
2.779010957691528021e-04
0.000000000000000000e+00
1.783673327290435310e-04
3.203532310573883922e-04
1.424235204679791819e-04
0.000000000000000000e+00
0.000000000000000000e+00
0.000000000000000000e+00
0.000000000000000000e+00
5.368718342663435792e-05
0.000000000000000000e+00
0.000000000000000000e+00
0.000000000000000000e+00
0.000000000000000000e+00
5.012854927658031329e-05
0.000000000000000000e+00
0.000000000000000000e+00
0.000000000000000000e+00
1.636610360823991168e-04
0.000000000000000000e+00
0.000000000000000000e+00
0.000000000000000000e+00
0.000000000000000000e+00
0.000000000000000000e+00
1.521229496306269025e-05
0.000000000000000000e+00
0.000000000000000000e+00
0.000000000000000000e+00
0.000000000000000000e+00
0.000000000000000000e+00
0.000000000000000000e+00
0.000000000000000000e+00
0.000000000000000000e+00
0.000000000000000000e+00
0.000000000000000000e+00
9.002111810187294564e-04
