9.010800629176453900e-05
0.000000000000000000e+00
0.000000000000000000e+00
0.000000000000000000e+00
0.000000000000000000e+00
0.000000000000000000e+00
0.000000000000000000e+00
0.000000000000000000e+00
0.000000000000000000e+00
5.722919440628666248e-06
0.000000000000000000e+00
3.105676407764033833e-03
7.288076157167332582e-05
9.474290293233469040e-05
0.000000000000000000e+00
0.000000000000000000e+00
0.000000000000000000e+00
0.000000000000000000e+00
3.151384229942473395e-04
3.031300018591327205e-05
0.000000000000000000e+00
0.000000000000000000e+00
0.000000000000000000e+00
0.000000000000000000e+00
2.309772976544096322e-04
0.000000000000000000e+00
0.000000000000000000e+00
0.000000000000000000e+00
0.000000000000000000e+00
0.000000000000000000e+00
6.596982407629925623e-05
0.000000000000000000e+00
5.763466358456077743e-02
3.263707723672110757e-04
1.163087624432917143e-04
0.000000000000000000e+00
0.000000000000000000e+00
0.000000000000000000e+00
0.000000000000000000e+00
1.590843753741993938e-02
0.000000000000000000e+00
0.000000000000000000e+00
0.000000000000000000e+00
0.000000000000000000e+00
3.090078784355466436e-03
3.223798266366847466e-04
4.173484580965097095e-08
2.902059620399236126e-04
0.000000000000000000e+00
3.562847846629577027e-05
1.379336186880373205e-04
0.000000000000000000e+00
0.000000000000000000e+00
0.000000000000000000e+00
0.000000000000000000e+00
0.000000000000000000e+00
9.254879960107198207e-05
1.132513748944240532e-03
0.000000000000000000e+00
0.000000000000000000e+00
2.262035829467054905e-04
0.000000000000000000e+00
0.000000000000000000e+00
0.000000000000000000e+00
0.000000000000000000e+00
0.000000000000000000e+00
0.000000000000000000e+00
0.000000000000000000e+00
9.818531683418222321e-04
5.204833169494907114e-04
0.000000000000000000e+00
0.000000000000000000e+00
0.000000000000000000e+00
2.067842094575898673e-04
0.000000000000000000e+00
0.000000000000000000e+00
1.066386035426960903e-04
0.000000000000000000e+00
0.000000000000000000e+00
0.000000000000000000e+00
0.000000000000000000e+00
0.000000000000000000e+00
0.000000000000000000e+00
0.000000000000000000e+00
5.780675481065714483e-04
0.000000000000000000e+00
0.000000000000000000e+00
1.740511501717128650e-04
0.000000000000000000e+00
1.814677508139485350e-03
0.000000000000000000e+00
0.000000000000000000e+00
0.000000000000000000e+00
8.838737933536185577e-04
1.709779325395912081e-05
0.000000000000000000e+00
2.864880187619916335e-04
1.199857048292528615e-04
0.000000000000000000e+00
3.400853770590895795e-04
0.000000000000000000e+00
0.000000000000000000e+00
0.000000000000000000e+00
0.000000000000000000e+00
0.000000000000000000e+00
0.000000000000000000e+00
0.000000000000000000e+00
0.000000000000000000e+00
5.897866020350968314e-05
3.727377172327368988e-03
0.000000000000000000e+00
7.255852522556328855e-04
0.000000000000000000e+00
0.000000000000000000e+00
7.052846694823620771e-05
0.000000000000000000e+00
0.000000000000000000e+00
0.000000000000000000e+00
0.000000000000000000e+00
0.000000000000000000e+00
0.000000000000000000e+00
1.974745189598982822e-05
0.000000000000000000e+00
0.000000000000000000e+00
2.653019024603927244e-04
3.745945609648018010e-02
0.000000000000000000e+00
0.000000000000000000e+00
0.000000000000000000e+00
0.000000000000000000e+00
0.000000000000000000e+00
0.000000000000000000e+00
0.000000000000000000e+00
0.000000000000000000e+00
0.000000000000000000e+00
0.000000000000000000e+00
0.000000000000000000e+00
0.000000000000000000e+00
5.234850031144598008e-05
5.317928173596087119e-07
0.000000000000000000e+00
0.000000000000000000e+00
0.000000000000000000e+00
0.000000000000000000e+00
0.000000000000000000e+00
0.000000000000000000e+00
2.443907662803276986e-06
0.000000000000000000e+00
5.422295645518579755e-06
3.706130812779749667e-06
0.000000000000000000e+00
0.000000000000000000e+00
0.000000000000000000e+00
0.000000000000000000e+00
0.000000000000000000e+00
0.000000000000000000e+00
0.000000000000000000e+00
0.000000000000000000e+00
0.000000000000000000e+00
0.000000000000000000e+00
0.000000000000000000e+00
0.000000000000000000e+00
0.000000000000000000e+00
0.000000000000000000e+00
0.000000000000000000e+00
0.000000000000000000e+00
0.000000000000000000e+00
0.000000000000000000e+00
0.000000000000000000e+00
5.798072552328466852e-04
0.000000000000000000e+00
5.283062970043050542e-05
0.000000000000000000e+00
0.000000000000000000e+00
3.806067483920297660e-05
2.431507649085336154e-05
5.120009431358226717e-04
0.000000000000000000e+00
9.994291970578251649e-04
5.940062804503550009e-04
0.000000000000000000e+00
1.783672376849692763e-04
4.349788788563462407e-04
3.182715935019957886e-05
0.000000000000000000e+00
0.000000000000000000e+00
0.000000000000000000e+00
0.000000000000000000e+00
1.730067515404991210e-04
0.000000000000000000e+00
0.000000000000000000e+00
0.000000000000000000e+00
0.000000000000000000e+00
5.012855252666736851e-05
0.000000000000000000e+00
0.000000000000000000e+00
0.000000000000000000e+00
1.887353742013949559e-04
0.000000000000000000e+00
0.000000000000000000e+00
0.000000000000000000e+00
0.000000000000000000e+00
0.000000000000000000e+00
7.460185017527620722e-05
0.000000000000000000e+00
0.000000000000000000e+00
0.000000000000000000e+00
0.000000000000000000e+00
0.000000000000000000e+00
0.000000000000000000e+00
0.000000000000000000e+00
0.000000000000000000e+00
0.000000000000000000e+00
0.000000000000000000e+00
9.002114731412558203e-04
