5.214982727055864114e-05
0.000000000000000000e+00
0.000000000000000000e+00
0.000000000000000000e+00
0.000000000000000000e+00
0.000000000000000000e+00
0.000000000000000000e+00
0.000000000000000000e+00
0.000000000000000000e+00
1.272138005244904428e-05
0.000000000000000000e+00
4.240761952317450602e-03
1.067687078246635650e-04
1.064067717977523330e-04
0.000000000000000000e+00
0.000000000000000000e+00
0.000000000000000000e+00
0.000000000000000000e+00
1.319672460695594282e-04
3.086321303206821179e-06
0.000000000000000000e+00
0.000000000000000000e+00
0.000000000000000000e+00
0.000000000000000000e+00
2.089821138881697545e-04
0.000000000000000000e+00
0.000000000000000000e+00
0.000000000000000000e+00
0.000000000000000000e+00
0.000000000000000000e+00
1.388130966539168010e-06
0.000000000000000000e+00
6.364403287342804139e-02
3.646566376381880589e-04
1.350948805084137305e-04
0.000000000000000000e+00
0.000000000000000000e+00
0.000000000000000000e+00
0.000000000000000000e+00
1.534663935214698911e-02
0.000000000000000000e+00
0.000000000000000000e+00
0.000000000000000000e+00
0.000000000000000000e+00
2.216567305917767697e-03
1.344494836453596822e-04
1.265610041571131540e-04
4.250461344661576597e-04
0.000000000000000000e+00
7.089979772480124135e-05
1.896554176099257249e-04
0.000000000000000000e+00
0.000000000000000000e+00
0.000000000000000000e+00
0.000000000000000000e+00
0.000000000000000000e+00
3.835934154937569113e-04
2.393449565335368547e-03
0.000000000000000000e+00
0.000000000000000000e+00
9.886331022847712213e-05
0.000000000000000000e+00
0.000000000000000000e+00
0.000000000000000000e+00
0.000000000000000000e+00
0.000000000000000000e+00
0.000000000000000000e+00
0.000000000000000000e+00
5.710204914200720525e-04
3.105884294084907413e-04
0.000000000000000000e+00
0.000000000000000000e+00
0.000000000000000000e+00
4.555829139096045726e-04
0.000000000000000000e+00
0.000000000000000000e+00
4.129945618322720816e-04
0.000000000000000000e+00
0.000000000000000000e+00
0.000000000000000000e+00
0.000000000000000000e+00
0.000000000000000000e+00
0.000000000000000000e+00
0.000000000000000000e+00
2.069814850030643916e-04
0.000000000000000000e+00
0.000000000000000000e+00
3.305511195523491269e-05
0.000000000000000000e+00
1.722318405487463294e-03
0.000000000000000000e+00
0.000000000000000000e+00
0.000000000000000000e+00
7.017924655866912900e-04
4.660615250805816442e-05
0.000000000000000000e+00
1.679304241373369053e-04
1.084455524816129856e-04
0.000000000000000000e+00
2.900936847596381003e-04
0.000000000000000000e+00
0.000000000000000000e+00
0.000000000000000000e+00
0.000000000000000000e+00
0.000000000000000000e+00
0.000000000000000000e+00
0.000000000000000000e+00
0.000000000000000000e+00
7.763186543728719862e-05
7.481674036608534917e-02
0.000000000000000000e+00
8.496841506998503712e-03
0.000000000000000000e+00
0.000000000000000000e+00
8.965700710942853691e-05
0.000000000000000000e+00
0.000000000000000000e+00
0.000000000000000000e+00
0.000000000000000000e+00
0.000000000000000000e+00
0.000000000000000000e+00
5.197555980933631893e-06
0.000000000000000000e+00
0.000000000000000000e+00
3.369923327805310386e-04
3.741122417446480358e-02
0.000000000000000000e+00
0.000000000000000000e+00
0.000000000000000000e+00
0.000000000000000000e+00
0.000000000000000000e+00
0.000000000000000000e+00
0.000000000000000000e+00
0.000000000000000000e+00
0.000000000000000000e+00
0.000000000000000000e+00
0.000000000000000000e+00
0.000000000000000000e+00
1.482687728519215700e-06
2.121513548642176708e-06
0.000000000000000000e+00
0.000000000000000000e+00
0.000000000000000000e+00
0.000000000000000000e+00
0.000000000000000000e+00
0.000000000000000000e+00
7.981449197542900675e-07
0.000000000000000000e+00
1.236087479965935316e-06
3.913567079159198115e-05
0.000000000000000000e+00
0.000000000000000000e+00
0.000000000000000000e+00
0.000000000000000000e+00
0.000000000000000000e+00
0.000000000000000000e+00
0.000000000000000000e+00
0.000000000000000000e+00
0.000000000000000000e+00
0.000000000000000000e+00
0.000000000000000000e+00
0.000000000000000000e+00
0.000000000000000000e+00
0.000000000000000000e+00
0.000000000000000000e+00
0.000000000000000000e+00
0.000000000000000000e+00
0.000000000000000000e+00
0.000000000000000000e+00
4.751858236799785915e-04
0.000000000000000000e+00
8.265722372951591287e-06
0.000000000000000000e+00
0.000000000000000000e+00
2.476711065669042006e-05
2.222138730577922073e-05
4.320007885503297806e-04
0.000000000000000000e+00
3.998230763536147797e-04
3.348654767091726789e-04
0.000000000000000000e+00
6.569337056519376056e-05
2.151516449059889227e-04
2.856169783849264246e-05
0.000000000000000000e+00
0.000000000000000000e+00
0.000000000000000000e+00
0.000000000000000000e+00
1.953724945162830921e-04
0.000000000000000000e+00
0.000000000000000000e+00
0.000000000000000000e+00
0.000000000000000000e+00
4.998781998371725670e-04
0.000000000000000000e+00
0.000000000000000000e+00
0.000000000000000000e+00
2.533557727295087086e-03
0.000000000000000000e+00
0.000000000000000000e+00
0.000000000000000000e+00
0.000000000000000000e+00
0.000000000000000000e+00
2.010901827060802870e-05
0.000000000000000000e+00
0.000000000000000000e+00
0.000000000000000000e+00
0.000000000000000000e+00
0.000000000000000000e+00
0.000000000000000000e+00
0.000000000000000000e+00
0.000000000000000000e+00
0.000000000000000000e+00
0.000000000000000000e+00
9.283700976458672798e-04
