3.499628298918048479e-04
0.000000000000000000e+00
0.000000000000000000e+00
0.000000000000000000e+00
0.000000000000000000e+00
0.000000000000000000e+00
0.000000000000000000e+00
0.000000000000000000e+00
0.000000000000000000e+00
2.404589912348807233e-04
0.000000000000000000e+00
7.184685851529505445e-03
1.492219452124893871e-03
1.244536761455824689e-03
0.000000000000000000e+00
0.000000000000000000e+00
0.000000000000000000e+00
0.000000000000000000e+00
2.655169364361762308e-03
5.217339324093954456e-03
0.000000000000000000e+00
0.000000000000000000e+00
0.000000000000000000e+00
0.000000000000000000e+00
8.747911414379558369e-04
0.000000000000000000e+00
0.000000000000000000e+00
0.000000000000000000e+00
0.000000000000000000e+00
0.000000000000000000e+00
2.806429213876371516e-03
0.000000000000000000e+00
5.645646493259917631e-02
6.567501693549314228e-03
7.367612707362534812e-03
0.000000000000000000e+00
0.000000000000000000e+00
0.000000000000000000e+00
0.000000000000000000e+00
3.295004618885272879e-02
0.000000000000000000e+00
0.000000000000000000e+00
0.000000000000000000e+00
0.000000000000000000e+00
6.101945774933416160e-03
1.492628379338937833e-03
5.849198387779494827e-04
4.064886700173099381e-03
0.000000000000000000e+00
2.631116087592908805e-03
1.071182865582909986e-03
0.000000000000000000e+00
0.000000000000000000e+00
0.000000000000000000e+00
0.000000000000000000e+00
0.000000000000000000e+00
3.607351910791438757e-04
6.339585462941728800e-04
0.000000000000000000e+00
0.000000000000000000e+00
3.566715699359787779e-03
0.000000000000000000e+00
0.000000000000000000e+00
0.000000000000000000e+00
0.000000000000000000e+00
0.000000000000000000e+00
0.000000000000000000e+00
0.000000000000000000e+00
2.210697675946948770e-03
7.636479565612338703e-05
0.000000000000000000e+00
0.000000000000000000e+00
0.000000000000000000e+00
2.012044647808821501e-03
0.000000000000000000e+00
0.000000000000000000e+00
1.151710084789651879e-03
0.000000000000000000e+00
0.000000000000000000e+00
0.000000000000000000e+00
0.000000000000000000e+00
0.000000000000000000e+00
0.000000000000000000e+00
0.000000000000000000e+00
3.150051279307971783e-03
0.000000000000000000e+00
0.000000000000000000e+00
1.901137774612694092e-03
0.000000000000000000e+00
7.618422423093526054e-03
0.000000000000000000e+00
0.000000000000000000e+00
0.000000000000000000e+00
2.678266792151388215e-03
6.601915938099528914e-04
0.000000000000000000e+00
1.042339416496456230e-03
4.004622239939040207e-03
0.000000000000000000e+00
8.820597321340220066e-05
0.000000000000000000e+00
0.000000000000000000e+00
0.000000000000000000e+00
0.000000000000000000e+00
0.000000000000000000e+00
0.000000000000000000e+00
0.000000000000000000e+00
0.000000000000000000e+00
4.411588334269017121e-03
5.744374213468784324e-03
0.000000000000000000e+00
1.228502045689444872e-03
0.000000000000000000e+00
0.000000000000000000e+00
5.792778404927000947e-03
0.000000000000000000e+00
0.000000000000000000e+00
0.000000000000000000e+00
0.000000000000000000e+00
0.000000000000000000e+00
0.000000000000000000e+00
4.647460942276054126e-04
0.000000000000000000e+00
0.000000000000000000e+00
3.332173834627929175e-03
3.768459177605670146e-02
0.000000000000000000e+00
0.000000000000000000e+00
0.000000000000000000e+00
0.000000000000000000e+00
0.000000000000000000e+00
0.000000000000000000e+00
0.000000000000000000e+00
0.000000000000000000e+00
0.000000000000000000e+00
0.000000000000000000e+00
0.000000000000000000e+00
0.000000000000000000e+00
5.807976045061010763e-03
3.122357818272430231e-05
0.000000000000000000e+00
0.000000000000000000e+00
0.000000000000000000e+00
0.000000000000000000e+00
0.000000000000000000e+00
0.000000000000000000e+00
4.285838121765531833e-03
0.000000000000000000e+00
8.515726779335535985e-05
1.119377012938149209e-03
0.000000000000000000e+00
0.000000000000000000e+00
0.000000000000000000e+00
0.000000000000000000e+00
0.000000000000000000e+00
0.000000000000000000e+00
0.000000000000000000e+00
0.000000000000000000e+00
0.000000000000000000e+00
0.000000000000000000e+00
0.000000000000000000e+00
0.000000000000000000e+00
0.000000000000000000e+00
0.000000000000000000e+00
0.000000000000000000e+00
0.000000000000000000e+00
0.000000000000000000e+00
0.000000000000000000e+00
0.000000000000000000e+00
6.004471441728360427e-03
0.000000000000000000e+00
1.014565090937037239e-03
0.000000000000000000e+00
0.000000000000000000e+00
2.293477504852597590e-03
7.911690382356386276e-05
2.725901112639256079e-04
0.000000000000000000e+00
3.405026930334128978e-04
1.991460926019756282e-04
0.000000000000000000e+00
1.399556442479618417e-03
7.162091531450966338e-04
6.311901179312902170e-03
0.000000000000000000e+00
0.000000000000000000e+00
0.000000000000000000e+00
0.000000000000000000e+00
3.376667857140513811e-03
0.000000000000000000e+00
0.000000000000000000e+00
0.000000000000000000e+00
0.000000000000000000e+00
3.762884095918712295e-04
0.000000000000000000e+00
0.000000000000000000e+00
0.000000000000000000e+00
6.453456650401377280e-05
0.000000000000000000e+00
0.000000000000000000e+00
0.000000000000000000e+00
0.000000000000000000e+00
0.000000000000000000e+00
5.735373651968014505e-03
0.000000000000000000e+00
0.000000000000000000e+00
0.000000000000000000e+00
0.000000000000000000e+00
0.000000000000000000e+00
0.000000000000000000e+00
0.000000000000000000e+00
0.000000000000000000e+00
0.000000000000000000e+00
0.000000000000000000e+00
3.446335393092027702e-03
