6.874768882136561240e-05
0.000000000000000000e+00
0.000000000000000000e+00
0.000000000000000000e+00
0.000000000000000000e+00
0.000000000000000000e+00
0.000000000000000000e+00
0.000000000000000000e+00
0.000000000000000000e+00
6.563753763475127544e-05
0.000000000000000000e+00
7.184679108224355931e-03
5.819115680511474133e-04
1.311491376000762992e-03
0.000000000000000000e+00
0.000000000000000000e+00
0.000000000000000000e+00
0.000000000000000000e+00
4.488203761804411833e-05
3.431941005819175855e-04
0.000000000000000000e+00
0.000000000000000000e+00
0.000000000000000000e+00
0.000000000000000000e+00
1.103934289752117893e-05
0.000000000000000000e+00
0.000000000000000000e+00
0.000000000000000000e+00
0.000000000000000000e+00
0.000000000000000000e+00
3.213572741887772938e-04
0.000000000000000000e+00
5.044150052355096669e-02
3.128689925929351457e-04
1.171467215267759548e-04
0.000000000000000000e+00
0.000000000000000000e+00
0.000000000000000000e+00
0.000000000000000000e+00
4.000543489104653114e-03
0.000000000000000000e+00
0.000000000000000000e+00
0.000000000000000000e+00
0.000000000000000000e+00
4.626502740735605965e-05
6.430827033834460044e-04
1.199519228640185797e-04
2.452769464596781012e-04
0.000000000000000000e+00
3.873390210611183434e-04
5.233719869483720007e-04
0.000000000000000000e+00
0.000000000000000000e+00
0.000000000000000000e+00
0.000000000000000000e+00
0.000000000000000000e+00
3.607342893949128516e-04
3.256081923433713906e-04
0.000000000000000000e+00
0.000000000000000000e+00
1.058914726792307780e-04
0.000000000000000000e+00
0.000000000000000000e+00
0.000000000000000000e+00
0.000000000000000000e+00
0.000000000000000000e+00
0.000000000000000000e+00
0.000000000000000000e+00
1.152477184215032257e-04
4.195085026395293728e-05
0.000000000000000000e+00
0.000000000000000000e+00
0.000000000000000000e+00
1.289035954163203533e-03
0.000000000000000000e+00
0.000000000000000000e+00
2.101736164812346270e-04
0.000000000000000000e+00
0.000000000000000000e+00
0.000000000000000000e+00
0.000000000000000000e+00
0.000000000000000000e+00
0.000000000000000000e+00
0.000000000000000000e+00
2.384441279664090661e-03
0.000000000000000000e+00
0.000000000000000000e+00
5.371664406486964592e-05
0.000000000000000000e+00
1.751987885720727924e-04
0.000000000000000000e+00
0.000000000000000000e+00
0.000000000000000000e+00
3.731692165870503857e-06
2.366986151186949921e-07
0.000000000000000000e+00
2.262163346348783032e-05
4.736689974439318713e-05
0.000000000000000000e+00
8.820610021075338031e-05
0.000000000000000000e+00
0.000000000000000000e+00
0.000000000000000000e+00
0.000000000000000000e+00
0.000000000000000000e+00
0.000000000000000000e+00
0.000000000000000000e+00
0.000000000000000000e+00
6.131413658490246759e-04
2.827705881610712187e-03
0.000000000000000000e+00
1.028768344608560221e-03
0.000000000000000000e+00
0.000000000000000000e+00
5.985067280544347224e-01
0.000000000000000000e+00
0.000000000000000000e+00
0.000000000000000000e+00
0.000000000000000000e+00
0.000000000000000000e+00
0.000000000000000000e+00
8.236473292789154915e-04
0.000000000000000000e+00
0.000000000000000000e+00
2.756082392673017058e-05
1.645311197369483600e-02
0.000000000000000000e+00
0.000000000000000000e+00
0.000000000000000000e+00
0.000000000000000000e+00
0.000000000000000000e+00
0.000000000000000000e+00
0.000000000000000000e+00
0.000000000000000000e+00
0.000000000000000000e+00
0.000000000000000000e+00
0.000000000000000000e+00
0.000000000000000000e+00
2.759878206892101113e-04
5.638401139667780328e-07
0.000000000000000000e+00
0.000000000000000000e+00
0.000000000000000000e+00
0.000000000000000000e+00
0.000000000000000000e+00
0.000000000000000000e+00
4.983142416347404282e-05
0.000000000000000000e+00
8.515718903485215490e-05
1.202998632253651388e-04
0.000000000000000000e+00
0.000000000000000000e+00
0.000000000000000000e+00
0.000000000000000000e+00
0.000000000000000000e+00
0.000000000000000000e+00
0.000000000000000000e+00
0.000000000000000000e+00
0.000000000000000000e+00
0.000000000000000000e+00
0.000000000000000000e+00
0.000000000000000000e+00
0.000000000000000000e+00
0.000000000000000000e+00
0.000000000000000000e+00
0.000000000000000000e+00
0.000000000000000000e+00
0.000000000000000000e+00
0.000000000000000000e+00
3.344922006620276657e-04
0.000000000000000000e+00
4.152082528045164425e-04
0.000000000000000000e+00
0.000000000000000000e+00
3.291592319833368751e-04
6.508528640140434662e-05
6.478478672639939432e-05
0.000000000000000000e+00
1.651171730430993248e-04
1.991420639081175931e-04
0.000000000000000000e+00
1.399556580827658039e-03
6.075220278243438372e-04
8.541170233063866005e-04
0.000000000000000000e+00
0.000000000000000000e+00
0.000000000000000000e+00
0.000000000000000000e+00
3.013783107341202788e-04
0.000000000000000000e+00
0.000000000000000000e+00
0.000000000000000000e+00
0.000000000000000000e+00
3.762884015680179463e-04
0.000000000000000000e+00
0.000000000000000000e+00
0.000000000000000000e+00
4.431833247704526933e-05
0.000000000000000000e+00
0.000000000000000000e+00
0.000000000000000000e+00
0.000000000000000000e+00
0.000000000000000000e+00
4.810149131625970106e-04
0.000000000000000000e+00
0.000000000000000000e+00
0.000000000000000000e+00
0.000000000000000000e+00
0.000000000000000000e+00
0.000000000000000000e+00
0.000000000000000000e+00
0.000000000000000000e+00
0.000000000000000000e+00
0.000000000000000000e+00
3.446332605055800469e-03
