7.913604716252735155e-05
0.000000000000000000e+00
0.000000000000000000e+00
0.000000000000000000e+00
0.000000000000000000e+00
0.000000000000000000e+00
0.000000000000000000e+00
0.000000000000000000e+00
0.000000000000000000e+00
2.201992532369577134e-04
0.000000000000000000e+00
3.105677114308394177e-03
7.572524422206513531e-05
8.956931261563600213e-04
0.000000000000000000e+00
0.000000000000000000e+00
0.000000000000000000e+00
0.000000000000000000e+00
2.488264100573182290e-06
3.817396885324747540e-05
0.000000000000000000e+00
0.000000000000000000e+00
0.000000000000000000e+00
0.000000000000000000e+00
1.127456924343113547e-05
0.000000000000000000e+00
0.000000000000000000e+00
0.000000000000000000e+00
0.000000000000000000e+00
0.000000000000000000e+00
5.456273870248970132e-06
0.000000000000000000e+00
1.027717567585720165e-01
9.338422426425530443e-05
4.423209839890577288e-06
0.000000000000000000e+00
0.000000000000000000e+00
0.000000000000000000e+00
0.000000000000000000e+00
5.305343152189373641e-03
0.000000000000000000e+00
0.000000000000000000e+00
0.000000000000000000e+00
0.000000000000000000e+00
1.520397490010111756e-06
3.645475140365490624e-04
7.442267818218450970e-05
3.094959761587531854e-04
0.000000000000000000e+00
2.405401631078050241e-06
9.680298730792873043e-05
0.000000000000000000e+00
0.000000000000000000e+00
0.000000000000000000e+00
0.000000000000000000e+00
0.000000000000000000e+00
9.254870499291541382e-05
8.886933068632190498e-04
0.000000000000000000e+00
0.000000000000000000e+00
6.884988649336884264e-04
0.000000000000000000e+00
0.000000000000000000e+00
0.000000000000000000e+00
0.000000000000000000e+00
0.000000000000000000e+00
0.000000000000000000e+00
0.000000000000000000e+00
1.258137521599194581e-05
3.359407824999485303e-05
0.000000000000000000e+00
0.000000000000000000e+00
0.000000000000000000e+00
2.067841755206387177e-04
0.000000000000000000e+00
0.000000000000000000e+00
1.279919301806292057e-04
0.000000000000000000e+00
0.000000000000000000e+00
0.000000000000000000e+00
0.000000000000000000e+00
0.000000000000000000e+00
0.000000000000000000e+00
0.000000000000000000e+00
5.780675186522604963e-04
0.000000000000000000e+00
0.000000000000000000e+00
4.577608028949777110e-05
0.000000000000000000e+00
2.637346217637305280e-05
0.000000000000000000e+00
0.000000000000000000e+00
0.000000000000000000e+00
1.922562563236799432e-05
2.226901577849400741e-06
0.000000000000000000e+00
2.864880329094786349e-04
8.958279873884404464e-06
0.000000000000000000e+00
3.400864203270882627e-04
0.000000000000000000e+00
0.000000000000000000e+00
0.000000000000000000e+00
0.000000000000000000e+00
0.000000000000000000e+00
0.000000000000000000e+00
0.000000000000000000e+00
0.000000000000000000e+00
5.802022569200701786e-05
3.944709128953434620e-05
0.000000000000000000e+00
7.255849226924532963e-04
0.000000000000000000e+00
0.000000000000000000e+00
7.585733412687364582e-05
0.000000000000000000e+00
0.000000000000000000e+00
0.000000000000000000e+00
0.000000000000000000e+00
0.000000000000000000e+00
0.000000000000000000e+00
6.747141363460570354e-04
0.000000000000000000e+00
0.000000000000000000e+00
2.860914542488288007e-04
2.141100594555604697e-02
0.000000000000000000e+00
0.000000000000000000e+00
0.000000000000000000e+00
0.000000000000000000e+00
0.000000000000000000e+00
0.000000000000000000e+00
0.000000000000000000e+00
0.000000000000000000e+00
0.000000000000000000e+00
0.000000000000000000e+00
0.000000000000000000e+00
0.000000000000000000e+00
1.704903561173219402e-04
4.542090604868636844e-06
0.000000000000000000e+00
0.000000000000000000e+00
0.000000000000000000e+00
0.000000000000000000e+00
0.000000000000000000e+00
0.000000000000000000e+00
6.619962576890007079e-05
0.000000000000000000e+00
5.422227940677558245e-06
1.222573268259551256e-04
0.000000000000000000e+00
0.000000000000000000e+00
0.000000000000000000e+00
0.000000000000000000e+00
0.000000000000000000e+00
0.000000000000000000e+00
0.000000000000000000e+00
0.000000000000000000e+00
0.000000000000000000e+00
0.000000000000000000e+00
0.000000000000000000e+00
0.000000000000000000e+00
0.000000000000000000e+00
0.000000000000000000e+00
0.000000000000000000e+00
0.000000000000000000e+00
0.000000000000000000e+00
0.000000000000000000e+00
0.000000000000000000e+00
3.103039358194743759e-04
0.000000000000000000e+00
4.348198758765902354e-05
0.000000000000000000e+00
0.000000000000000000e+00
3.806049697611493571e-05
4.321960288133012465e-07
4.704384668332651441e-05
0.000000000000000000e+00
1.570882887958690254e-04
2.779009452748882909e-04
0.000000000000000000e+00
1.783672774401717971e-04
3.203530803451746871e-04
1.424235352469083475e-04
0.000000000000000000e+00
0.000000000000000000e+00
0.000000000000000000e+00
0.000000000000000000e+00
5.368723267830246366e-05
0.000000000000000000e+00
0.000000000000000000e+00
0.000000000000000000e+00
0.000000000000000000e+00
5.012853129005296601e-05
0.000000000000000000e+00
0.000000000000000000e+00
0.000000000000000000e+00
1.636610634251552414e-04
0.000000000000000000e+00
0.000000000000000000e+00
0.000000000000000000e+00
0.000000000000000000e+00
0.000000000000000000e+00
1.521219178979865676e-05
0.000000000000000000e+00
0.000000000000000000e+00
0.000000000000000000e+00
0.000000000000000000e+00
0.000000000000000000e+00
0.000000000000000000e+00
0.000000000000000000e+00
0.000000000000000000e+00
0.000000000000000000e+00
0.000000000000000000e+00
9.002110679730893333e-04
