9.010794834620853850e-05
0.000000000000000000e+00
0.000000000000000000e+00
0.000000000000000000e+00
0.000000000000000000e+00
0.000000000000000000e+00
0.000000000000000000e+00
0.000000000000000000e+00
0.000000000000000000e+00
5.722927040895201723e-06
0.000000000000000000e+00
3.105676696806793178e-03
7.288084960534223569e-05
8.956931315351172483e-04
0.000000000000000000e+00
0.000000000000000000e+00
0.000000000000000000e+00
0.000000000000000000e+00
3.151384494572933952e-04
3.031290317165046507e-05
0.000000000000000000e+00
0.000000000000000000e+00
0.000000000000000000e+00
0.000000000000000000e+00
2.309757868311967043e-04
0.000000000000000000e+00
0.000000000000000000e+00
0.000000000000000000e+00
0.000000000000000000e+00
0.000000000000000000e+00
8.203318768927563356e-03
0.000000000000000000e+00
5.763466634275194594e-02
3.263707777024832304e-04
1.163093762410755675e-04
0.000000000000000000e+00
0.000000000000000000e+00
0.000000000000000000e+00
0.000000000000000000e+00
1.590842041030889054e-02
0.000000000000000000e+00
0.000000000000000000e+00
0.000000000000000000e+00
0.000000000000000000e+00
3.090077332147100724e-03
3.223798894022782504e-04
4.173866389112963718e-08
2.902041643481203604e-04
0.000000000000000000e+00
3.562846815206259233e-05
1.379336033561015670e-04
0.000000000000000000e+00
0.000000000000000000e+00
0.000000000000000000e+00
0.000000000000000000e+00
0.000000000000000000e+00
9.254874624716213666e-05
1.132513638320234266e-03
0.000000000000000000e+00
0.000000000000000000e+00
2.262035523413898454e-04
0.000000000000000000e+00
0.000000000000000000e+00
0.000000000000000000e+00
0.000000000000000000e+00
0.000000000000000000e+00
0.000000000000000000e+00
0.000000000000000000e+00
9.818533129627444577e-04
5.204830989952712603e-04
0.000000000000000000e+00
0.000000000000000000e+00
0.000000000000000000e+00
2.067841614734709647e-04
0.000000000000000000e+00
0.000000000000000000e+00
1.066386612159212947e-04
0.000000000000000000e+00
0.000000000000000000e+00
0.000000000000000000e+00
0.000000000000000000e+00
0.000000000000000000e+00
0.000000000000000000e+00
0.000000000000000000e+00
5.780675829101722049e-04
0.000000000000000000e+00
0.000000000000000000e+00
1.740511340814248817e-04
0.000000000000000000e+00
1.814683533282987309e-03
0.000000000000000000e+00
0.000000000000000000e+00
0.000000000000000000e+00
8.838750814029471036e-04
1.709777439098688113e-05
0.000000000000000000e+00
2.864877933114644629e-04
1.199855163543994343e-04
0.000000000000000000e+00
3.400866744218362177e-04
0.000000000000000000e+00
0.000000000000000000e+00
0.000000000000000000e+00
0.000000000000000000e+00
0.000000000000000000e+00
0.000000000000000000e+00
0.000000000000000000e+00
0.000000000000000000e+00
5.897859944624829888e-05
3.727374417061964269e-03
0.000000000000000000e+00
7.255850879870870710e-04
0.000000000000000000e+00
0.000000000000000000e+00
7.052859731102365361e-05
0.000000000000000000e+00
0.000000000000000000e+00
0.000000000000000000e+00
0.000000000000000000e+00
0.000000000000000000e+00
0.000000000000000000e+00
1.974740775293614778e-05
0.000000000000000000e+00
0.000000000000000000e+00
2.653020724788575260e-04
3.745945609719282532e-02
0.000000000000000000e+00
0.000000000000000000e+00
0.000000000000000000e+00
0.000000000000000000e+00
0.000000000000000000e+00
0.000000000000000000e+00
0.000000000000000000e+00
0.000000000000000000e+00
0.000000000000000000e+00
0.000000000000000000e+00
0.000000000000000000e+00
0.000000000000000000e+00
5.234840665335355620e-05
5.317876154957160831e-07
0.000000000000000000e+00
0.000000000000000000e+00
0.000000000000000000e+00
0.000000000000000000e+00
0.000000000000000000e+00
0.000000000000000000e+00
2.443905240149585558e-06
0.000000000000000000e+00
5.422261379947106008e-06
3.706125198573504520e-06
0.000000000000000000e+00
0.000000000000000000e+00
0.000000000000000000e+00
0.000000000000000000e+00
0.000000000000000000e+00
0.000000000000000000e+00
0.000000000000000000e+00
0.000000000000000000e+00
0.000000000000000000e+00
0.000000000000000000e+00
0.000000000000000000e+00
0.000000000000000000e+00
0.000000000000000000e+00
0.000000000000000000e+00
0.000000000000000000e+00
0.000000000000000000e+00
0.000000000000000000e+00
0.000000000000000000e+00
0.000000000000000000e+00
5.798075880546360193e-04
0.000000000000000000e+00
5.283062689831387343e-05
0.000000000000000000e+00
0.000000000000000000e+00
3.806066754634395837e-05
2.431507024588566685e-05
5.120012455547040585e-04
0.000000000000000000e+00
9.994292998697766085e-04
5.940068280718517613e-04
0.000000000000000000e+00
1.783672867347513616e-04
4.349788442208815512e-04
3.182718360372133653e-05
0.000000000000000000e+00
0.000000000000000000e+00
0.000000000000000000e+00
0.000000000000000000e+00
1.730066807646913534e-04
0.000000000000000000e+00
0.000000000000000000e+00
0.000000000000000000e+00
0.000000000000000000e+00
5.012855212690566284e-05
0.000000000000000000e+00
0.000000000000000000e+00
0.000000000000000000e+00
1.887353541351713708e-04
0.000000000000000000e+00
0.000000000000000000e+00
0.000000000000000000e+00
0.000000000000000000e+00
0.000000000000000000e+00
7.460185750192366110e-05
0.000000000000000000e+00
0.000000000000000000e+00
0.000000000000000000e+00
0.000000000000000000e+00
0.000000000000000000e+00
0.000000000000000000e+00
0.000000000000000000e+00
0.000000000000000000e+00
0.000000000000000000e+00
0.000000000000000000e+00
9.002112850456951004e-04
