9.216685976928550874e-05
0.000000000000000000e+00
0.000000000000000000e+00
0.000000000000000000e+00
0.000000000000000000e+00
0.000000000000000000e+00
0.000000000000000000e+00
0.000000000000000000e+00
0.000000000000000000e+00
1.322964041247572944e-04
0.000000000000000000e+00
7.341157512747878942e-03
7.873825704528789082e-06
3.370177351236641576e-03
0.000000000000000000e+00
0.000000000000000000e+00
0.000000000000000000e+00
0.000000000000000000e+00
1.096661985174106026e-04
1.605992972592250232e-07
0.000000000000000000e+00
0.000000000000000000e+00
0.000000000000000000e+00
0.000000000000000000e+00
5.003131939819673761e-04
0.000000000000000000e+00
0.000000000000000000e+00
0.000000000000000000e+00
0.000000000000000000e+00
0.000000000000000000e+00
1.307590186795545796e-06
0.000000000000000000e+00
8.449446271477022152e-02
1.658328154404923726e-04
1.243173363216901520e-05
0.000000000000000000e+00
0.000000000000000000e+00
0.000000000000000000e+00
0.000000000000000000e+00
5.578682416261787798e-03
0.000000000000000000e+00
0.000000000000000000e+00
0.000000000000000000e+00
0.000000000000000000e+00
1.490603345948056544e-05
1.486460338655043131e-04
8.960757475120395400e-06
1.627314871547366054e-04
0.000000000000000000e+00
2.762079250886577633e-05
6.734502670504797638e-05
0.000000000000000000e+00
0.000000000000000000e+00
0.000000000000000000e+00
0.000000000000000000e+00
0.000000000000000000e+00
1.554567425888273404e-03
2.804458136332268759e-06
0.000000000000000000e+00
0.000000000000000000e+00
7.383735593405870443e-04
0.000000000000000000e+00
0.000000000000000000e+00
0.000000000000000000e+00
0.000000000000000000e+00
0.000000000000000000e+00
0.000000000000000000e+00
0.000000000000000000e+00
1.134952228633837704e-05
5.717307125338989653e-04
0.000000000000000000e+00
0.000000000000000000e+00
0.000000000000000000e+00
5.215514336881508156e-05
0.000000000000000000e+00
0.000000000000000000e+00
2.485482233025916609e-04
0.000000000000000000e+00
0.000000000000000000e+00
0.000000000000000000e+00
0.000000000000000000e+00
0.000000000000000000e+00
0.000000000000000000e+00
0.000000000000000000e+00
8.423909006295132859e-04
0.000000000000000000e+00
0.000000000000000000e+00
2.533691346815630953e-05
0.000000000000000000e+00
6.192290175684487608e-05
0.000000000000000000e+00
0.000000000000000000e+00
0.000000000000000000e+00
1.184599558957909600e-04
4.564761710439515361e-06
0.000000000000000000e+00
3.624155464453595482e-04
1.689961861696357304e-04
0.000000000000000000e+00
4.456565208586600797e-04
0.000000000000000000e+00
0.000000000000000000e+00
0.000000000000000000e+00
0.000000000000000000e+00
0.000000000000000000e+00
0.000000000000000000e+00
0.000000000000000000e+00
0.000000000000000000e+00
4.563436265272267510e-05
8.555254606445384257e-07
0.000000000000000000e+00
1.877197707922772857e-03
0.000000000000000000e+00
0.000000000000000000e+00
6.498617312129243882e-05
0.000000000000000000e+00
0.000000000000000000e+00
0.000000000000000000e+00
0.000000000000000000e+00
0.000000000000000000e+00
0.000000000000000000e+00
1.596866276220229586e-03
0.000000000000000000e+00
0.000000000000000000e+00
2.385501460840127501e-04
2.476416645078254389e-02
0.000000000000000000e+00
0.000000000000000000e+00
0.000000000000000000e+00
0.000000000000000000e+00
0.000000000000000000e+00
0.000000000000000000e+00
0.000000000000000000e+00
0.000000000000000000e+00
0.000000000000000000e+00
0.000000000000000000e+00
0.000000000000000000e+00
0.000000000000000000e+00
8.825611943430694716e-06
1.350289693380950250e-08
0.000000000000000000e+00
0.000000000000000000e+00
0.000000000000000000e+00
0.000000000000000000e+00
0.000000000000000000e+00
0.000000000000000000e+00
1.041069221743930363e-04
0.000000000000000000e+00
1.399619920438443079e-03
5.252240157906046345e-04
0.000000000000000000e+00
0.000000000000000000e+00
0.000000000000000000e+00
0.000000000000000000e+00
0.000000000000000000e+00
0.000000000000000000e+00
0.000000000000000000e+00
0.000000000000000000e+00
0.000000000000000000e+00
0.000000000000000000e+00
0.000000000000000000e+00
0.000000000000000000e+00
0.000000000000000000e+00
0.000000000000000000e+00
0.000000000000000000e+00
0.000000000000000000e+00
0.000000000000000000e+00
0.000000000000000000e+00
0.000000000000000000e+00
9.777656445008231674e-05
0.000000000000000000e+00
2.548887089353721138e-05
0.000000000000000000e+00
0.000000000000000000e+00
2.247657156740658340e-05
5.107496883656324109e-04
1.028050334346824476e-04
0.000000000000000000e+00
2.154423110053509094e-04
5.149494378459673876e-04
0.000000000000000000e+00
2.573872197160639065e-08
1.246339210935322765e-03
1.385249564223654903e-04
0.000000000000000000e+00
0.000000000000000000e+00
0.000000000000000000e+00
0.000000000000000000e+00
2.063643890335126169e-05
0.000000000000000000e+00
0.000000000000000000e+00
0.000000000000000000e+00
0.000000000000000000e+00
4.002215744937378215e-04
0.000000000000000000e+00
0.000000000000000000e+00
0.000000000000000000e+00
1.705941899174723329e-04
0.000000000000000000e+00
0.000000000000000000e+00
0.000000000000000000e+00
0.000000000000000000e+00
0.000000000000000000e+00
1.112723103220922158e-04
0.000000000000000000e+00
0.000000000000000000e+00
0.000000000000000000e+00
0.000000000000000000e+00
0.000000000000000000e+00
0.000000000000000000e+00
0.000000000000000000e+00
0.000000000000000000e+00
0.000000000000000000e+00
0.000000000000000000e+00
4.163902368353425594e-03
