2.184888825548947193e-03
0.000000000000000000e+00
0.000000000000000000e+00
0.000000000000000000e+00
0.000000000000000000e+00
0.000000000000000000e+00
0.000000000000000000e+00
0.000000000000000000e+00
0.000000000000000000e+00
4.583693674618495410e-03
0.000000000000000000e+00
4.389372007161648770e-03
4.407696980944894767e-03
4.653650631124609232e-04
0.000000000000000000e+00
0.000000000000000000e+00
0.000000000000000000e+00
0.000000000000000000e+00
6.829744994118142412e-03
8.676735929740978306e-03
0.000000000000000000e+00
0.000000000000000000e+00
0.000000000000000000e+00
0.000000000000000000e+00
3.636382113401654889e-03
0.000000000000000000e+00
0.000000000000000000e+00
0.000000000000000000e+00
0.000000000000000000e+00
0.000000000000000000e+00
1.479435362370908578e-02
0.000000000000000000e+00
1.656287380213276594e-01
9.986864211576200814e-03
1.318061063961174263e-02
0.000000000000000000e+00
0.000000000000000000e+00
0.000000000000000000e+00
0.000000000000000000e+00
3.943020492728717408e-02
0.000000000000000000e+00
0.000000000000000000e+00
0.000000000000000000e+00
0.000000000000000000e+00
1.266846062924216476e-02
6.214293119679687241e-03
4.878632766221880149e-03
1.316023265570359820e-02
0.000000000000000000e+00
8.571948311214295027e-03
4.929287660088467471e-03
0.000000000000000000e+00
0.000000000000000000e+00
0.000000000000000000e+00
0.000000000000000000e+00
0.000000000000000000e+00
4.005616990719390244e-04
4.887416510467569586e-03
0.000000000000000000e+00
0.000000000000000000e+00
7.860274046951751942e-03
0.000000000000000000e+00
0.000000000000000000e+00
0.000000000000000000e+00
0.000000000000000000e+00
0.000000000000000000e+00
0.000000000000000000e+00
0.000000000000000000e+00
7.403290292511587739e-03
1.174738507316892529e-03
0.000000000000000000e+00
0.000000000000000000e+00
0.000000000000000000e+00
5.279515575028204122e-03
0.000000000000000000e+00
0.000000000000000000e+00
6.673083704442681063e-03
0.000000000000000000e+00
0.000000000000000000e+00
0.000000000000000000e+00
0.000000000000000000e+00
0.000000000000000000e+00
0.000000000000000000e+00
0.000000000000000000e+00
6.751112230117465966e-03
0.000000000000000000e+00
0.000000000000000000e+00
7.163586646913297669e-03
0.000000000000000000e+00
1.192734138345228311e-02
0.000000000000000000e+00
0.000000000000000000e+00
0.000000000000000000e+00
8.270515657992638658e-03
2.138761105620298406e-03
0.000000000000000000e+00
4.126613675849070614e-03
7.214005919178731289e-03
0.000000000000000000e+00
1.746529368367609122e-04
0.000000000000000000e+00
0.000000000000000000e+00
0.000000000000000000e+00
0.000000000000000000e+00
0.000000000000000000e+00
0.000000000000000000e+00
0.000000000000000000e+00
0.000000000000000000e+00
1.351173144315031584e-02
9.144591212434632910e-03
0.000000000000000000e+00
6.178008228197585431e-06
0.000000000000000000e+00
0.000000000000000000e+00
1.243338194788178031e-02
0.000000000000000000e+00
0.000000000000000000e+00
0.000000000000000000e+00
0.000000000000000000e+00
0.000000000000000000e+00
0.000000000000000000e+00
2.502556451230940598e-03
0.000000000000000000e+00
0.000000000000000000e+00
7.825525923929420660e-03
3.913435483278453891e-02
0.000000000000000000e+00
0.000000000000000000e+00
0.000000000000000000e+00
0.000000000000000000e+00
0.000000000000000000e+00
0.000000000000000000e+00
0.000000000000000000e+00
0.000000000000000000e+00
0.000000000000000000e+00
0.000000000000000000e+00
0.000000000000000000e+00
0.000000000000000000e+00
9.922452227857564422e-03
3.231444713062924228e-04
0.000000000000000000e+00
0.000000000000000000e+00
0.000000000000000000e+00
0.000000000000000000e+00
0.000000000000000000e+00
0.000000000000000000e+00
8.962601905312330905e-03
0.000000000000000000e+00
6.653964152274258583e-04
3.786284980906623725e-03
0.000000000000000000e+00
0.000000000000000000e+00
0.000000000000000000e+00
0.000000000000000000e+00
0.000000000000000000e+00
0.000000000000000000e+00
0.000000000000000000e+00
0.000000000000000000e+00
0.000000000000000000e+00
0.000000000000000000e+00
0.000000000000000000e+00
0.000000000000000000e+00
0.000000000000000000e+00
0.000000000000000000e+00
0.000000000000000000e+00
0.000000000000000000e+00
0.000000000000000000e+00
0.000000000000000000e+00
0.000000000000000000e+00
9.137928416995316772e-03
0.000000000000000000e+00
4.837746242965783317e-03
0.000000000000000000e+00
0.000000000000000000e+00
7.492531825840787439e-03
6.361611057234152619e-04
2.485991551440078391e-03
0.000000000000000000e+00
4.833076581606656451e-03
1.946085259864773105e-03
0.000000000000000000e+00
3.772900331910116617e-03
4.900448753981802507e-07
9.588586547758192608e-03
0.000000000000000000e+00
0.000000000000000000e+00
0.000000000000000000e+00
0.000000000000000000e+00
8.808174314610669325e-03
0.000000000000000000e+00
0.000000000000000000e+00
0.000000000000000000e+00
0.000000000000000000e+00
1.293687350176739584e-05
0.000000000000000000e+00
0.000000000000000000e+00
0.000000000000000000e+00
2.707420864492319189e-03
0.000000000000000000e+00
0.000000000000000000e+00
0.000000000000000000e+00
0.000000000000000000e+00
0.000000000000000000e+00
9.806929636229177669e-03
0.000000000000000000e+00
0.000000000000000000e+00
0.000000000000000000e+00
0.000000000000000000e+00
0.000000000000000000e+00
0.000000000000000000e+00
0.000000000000000000e+00
0.000000000000000000e+00
0.000000000000000000e+00
0.000000000000000000e+00
9.162292454842548440e-04
