9.089935633865874661e-05
0.000000000000000000e+00
0.000000000000000000e+00
0.000000000000000000e+00
0.000000000000000000e+00
0.000000000000000000e+00
0.000000000000000000e+00
0.000000000000000000e+00
0.000000000000000000e+00
1.269267269962698764e-04
0.000000000000000000e+00
3.161058143718468126e-03
1.993440575929149284e-04
9.406603863453102997e-04
0.000000000000000000e+00
0.000000000000000000e+00
0.000000000000000000e+00
0.000000000000000000e+00
1.351266256688880117e-06
3.793267849954388434e-05
0.000000000000000000e+00
0.000000000000000000e+00
0.000000000000000000e+00
0.000000000000000000e+00
1.149056502801303025e-05
0.000000000000000000e+00
0.000000000000000000e+00
0.000000000000000000e+00
0.000000000000000000e+00
0.000000000000000000e+00
7.675431707735168277e-08
0.000000000000000000e+00
1.032920857128261649e-01
6.299637267732173312e-05
5.055274035260750254e-06
0.000000000000000000e+00
0.000000000000000000e+00
0.000000000000000000e+00
0.000000000000000000e+00
5.307395117295455808e-03
0.000000000000000000e+00
0.000000000000000000e+00
0.000000000000000000e+00
0.000000000000000000e+00
5.311851763792606204e-05
6.846873737635752240e-04
5.569121426700040221e-05
3.119353555970547326e-04
0.000000000000000000e+00
9.645521960890170911e-07
1.468655427087463619e-04
0.000000000000000000e+00
0.000000000000000000e+00
0.000000000000000000e+00
0.000000000000000000e+00
0.000000000000000000e+00
5.641545059320953511e-04
3.064377818115586959e-04
0.000000000000000000e+00
0.000000000000000000e+00
3.101177656503024353e-04
0.000000000000000000e+00
0.000000000000000000e+00
0.000000000000000000e+00
0.000000000000000000e+00
0.000000000000000000e+00
0.000000000000000000e+00
0.000000000000000000e+00
2.027917762711140839e-04
3.371721815917020872e-05
0.000000000000000000e+00
0.000000000000000000e+00
0.000000000000000000e+00
9.122199316850727348e-05
0.000000000000000000e+00
0.000000000000000000e+00
2.332745977624543657e-04
0.000000000000000000e+00
0.000000000000000000e+00
0.000000000000000000e+00
0.000000000000000000e+00
0.000000000000000000e+00
0.000000000000000000e+00
0.000000000000000000e+00
5.901252217708277681e-04
0.000000000000000000e+00
0.000000000000000000e+00
2.681948549367272250e-07
0.000000000000000000e+00
8.912268824079123996e-05
0.000000000000000000e+00
0.000000000000000000e+00
0.000000000000000000e+00
1.862215150170130974e-05
2.226580420090817550e-05
0.000000000000000000e+00
4.531698669615675970e-04
9.181264634876011547e-06
0.000000000000000000e+00
2.149484088818430727e-05
0.000000000000000000e+00
0.000000000000000000e+00
0.000000000000000000e+00
0.000000000000000000e+00
0.000000000000000000e+00
0.000000000000000000e+00
0.000000000000000000e+00
0.000000000000000000e+00
1.057562217332590410e-04
7.481674041896457794e-02
0.000000000000000000e+00
4.027574951155369547e-04
0.000000000000000000e+00
0.000000000000000000e+00
8.100898146008698336e-05
0.000000000000000000e+00
0.000000000000000000e+00
0.000000000000000000e+00
0.000000000000000000e+00
0.000000000000000000e+00
0.000000000000000000e+00
7.131607225530674091e-04
0.000000000000000000e+00
0.000000000000000000e+00
4.132303253227070862e-04
2.455249650306519371e-02
0.000000000000000000e+00
0.000000000000000000e+00
0.000000000000000000e+00
0.000000000000000000e+00
0.000000000000000000e+00
0.000000000000000000e+00
0.000000000000000000e+00
0.000000000000000000e+00
0.000000000000000000e+00
0.000000000000000000e+00
0.000000000000000000e+00
0.000000000000000000e+00
6.166702907251122136e-05
5.899130847364915101e-06
0.000000000000000000e+00
0.000000000000000000e+00
0.000000000000000000e+00
0.000000000000000000e+00
0.000000000000000000e+00
0.000000000000000000e+00
1.262099868375317867e-04
0.000000000000000000e+00
2.181990477987576913e-05
3.047083785130820808e-05
0.000000000000000000e+00
0.000000000000000000e+00
0.000000000000000000e+00
0.000000000000000000e+00
0.000000000000000000e+00
0.000000000000000000e+00
0.000000000000000000e+00
0.000000000000000000e+00
0.000000000000000000e+00
0.000000000000000000e+00
0.000000000000000000e+00
0.000000000000000000e+00
0.000000000000000000e+00
0.000000000000000000e+00
0.000000000000000000e+00
0.000000000000000000e+00
0.000000000000000000e+00
0.000000000000000000e+00
0.000000000000000000e+00
2.427552128326696359e-04
0.000000000000000000e+00
1.070210616176328108e-05
0.000000000000000000e+00
0.000000000000000000e+00
2.178672701530460785e-05
6.226358954993352389e-04
5.047581258136663506e-05
0.000000000000000000e+00
1.718796589333073852e-04
1.274605991253354733e-04
0.000000000000000000e+00
1.105751385366139747e-04
8.211981089223438892e-04
1.604912283014734483e-04
0.000000000000000000e+00
0.000000000000000000e+00
0.000000000000000000e+00
0.000000000000000000e+00
5.423498374441613741e-05
0.000000000000000000e+00
0.000000000000000000e+00
0.000000000000000000e+00
0.000000000000000000e+00
3.176813764921217632e-05
0.000000000000000000e+00
0.000000000000000000e+00
0.000000000000000000e+00
7.872584758780143389e-05
0.000000000000000000e+00
0.000000000000000000e+00
0.000000000000000000e+00
0.000000000000000000e+00
0.000000000000000000e+00
1.634145569075300312e-05
0.000000000000000000e+00
0.000000000000000000e+00
0.000000000000000000e+00
0.000000000000000000e+00
0.000000000000000000e+00
0.000000000000000000e+00
0.000000000000000000e+00
0.000000000000000000e+00
0.000000000000000000e+00
0.000000000000000000e+00
1.708111642966284602e-03
