1.566932748321624386e-04
0.000000000000000000e+00
0.000000000000000000e+00
0.000000000000000000e+00
0.000000000000000000e+00
0.000000000000000000e+00
0.000000000000000000e+00
0.000000000000000000e+00
0.000000000000000000e+00
3.932554812152158700e-05
0.000000000000000000e+00
1.162892062547116537e-02
8.219131159015566519e-04
2.840507333608899114e-03
0.000000000000000000e+00
0.000000000000000000e+00
0.000000000000000000e+00
0.000000000000000000e+00
1.020699345188918106e-04
1.384800570628990419e-05
0.000000000000000000e+00
0.000000000000000000e+00
0.000000000000000000e+00
0.000000000000000000e+00
5.013743136913432607e-04
0.000000000000000000e+00
0.000000000000000000e+00
0.000000000000000000e+00
0.000000000000000000e+00
0.000000000000000000e+00
2.220451016783550409e-07
0.000000000000000000e+00
8.449466750595173437e-02
1.041187110266221776e-05
2.142723862743750189e-05
0.000000000000000000e+00
0.000000000000000000e+00
0.000000000000000000e+00
0.000000000000000000e+00
5.333832322975796437e-03
0.000000000000000000e+00
0.000000000000000000e+00
0.000000000000000000e+00
0.000000000000000000e+00
1.181432245351947317e-05
3.348556428688458358e-04
9.998103377750921715e-07
6.588284368831194993e-04
0.000000000000000000e+00
1.436041617940424743e-05
1.030182956965138734e-04
0.000000000000000000e+00
0.000000000000000000e+00
0.000000000000000000e+00
0.000000000000000000e+00
0.000000000000000000e+00
1.670941347991142635e-03
7.889342297771221397e-06
0.000000000000000000e+00
0.000000000000000000e+00
2.870875824852040566e-04
0.000000000000000000e+00
0.000000000000000000e+00
0.000000000000000000e+00
0.000000000000000000e+00
0.000000000000000000e+00
0.000000000000000000e+00
0.000000000000000000e+00
1.505743676881137329e-04
1.600120474242165735e-03
0.000000000000000000e+00
0.000000000000000000e+00
0.000000000000000000e+00
1.987964149694657369e-06
0.000000000000000000e+00
0.000000000000000000e+00
1.693417763858943396e-04
0.000000000000000000e+00
0.000000000000000000e+00
0.000000000000000000e+00
0.000000000000000000e+00
0.000000000000000000e+00
0.000000000000000000e+00
0.000000000000000000e+00
8.792922580277063487e-04
0.000000000000000000e+00
0.000000000000000000e+00
1.157719835361235297e-04
0.000000000000000000e+00
2.015999548448737622e-06
0.000000000000000000e+00
0.000000000000000000e+00
0.000000000000000000e+00
3.667846101558925302e-05
1.046437135189665340e-03
0.000000000000000000e+00
1.044135225171499357e-03
8.229327893948690868e-06
0.000000000000000000e+00
3.402081362440199756e-03
0.000000000000000000e+00
0.000000000000000000e+00
0.000000000000000000e+00
0.000000000000000000e+00
0.000000000000000000e+00
0.000000000000000000e+00
0.000000000000000000e+00
0.000000000000000000e+00
7.842729211164175987e-05
4.761747923665538313e-06
0.000000000000000000e+00
1.974114047526435382e-03
0.000000000000000000e+00
0.000000000000000000e+00
3.632740880698498122e-05
0.000000000000000000e+00
0.000000000000000000e+00
0.000000000000000000e+00
0.000000000000000000e+00
0.000000000000000000e+00
0.000000000000000000e+00
1.082968335339816153e-03
0.000000000000000000e+00
0.000000000000000000e+00
2.437456111736386536e-04
2.469106155304454792e-02
0.000000000000000000e+00
0.000000000000000000e+00
0.000000000000000000e+00
0.000000000000000000e+00
0.000000000000000000e+00
0.000000000000000000e+00
0.000000000000000000e+00
0.000000000000000000e+00
0.000000000000000000e+00
0.000000000000000000e+00
0.000000000000000000e+00
0.000000000000000000e+00
1.537930593755681519e-04
3.472661016016851987e-06
0.000000000000000000e+00
0.000000000000000000e+00
0.000000000000000000e+00
0.000000000000000000e+00
0.000000000000000000e+00
0.000000000000000000e+00
2.425003322809340969e-05
0.000000000000000000e+00
9.007039406089518236e-04
1.487000604601434062e-03
0.000000000000000000e+00
0.000000000000000000e+00
0.000000000000000000e+00
0.000000000000000000e+00
0.000000000000000000e+00
0.000000000000000000e+00
0.000000000000000000e+00
0.000000000000000000e+00
0.000000000000000000e+00
0.000000000000000000e+00
0.000000000000000000e+00
0.000000000000000000e+00
0.000000000000000000e+00
0.000000000000000000e+00
0.000000000000000000e+00
0.000000000000000000e+00
0.000000000000000000e+00
0.000000000000000000e+00
0.000000000000000000e+00
3.765376504796204071e-05
0.000000000000000000e+00
5.236302894471457213e-05
0.000000000000000000e+00
0.000000000000000000e+00
9.113054298930288390e-05
3.131284331588357053e-04
2.180779287907534689e-06
0.000000000000000000e+00
4.052042803073337596e-04
9.626607105897512680e-04
0.000000000000000000e+00
1.337726310249129792e-04
1.100346817261397105e-03
7.586078681533349021e-05
0.000000000000000000e+00
0.000000000000000000e+00
0.000000000000000000e+00
0.000000000000000000e+00
5.583410297755819020e-05
0.000000000000000000e+00
0.000000000000000000e+00
0.000000000000000000e+00
0.000000000000000000e+00
7.024838604337414305e-05
0.000000000000000000e+00
0.000000000000000000e+00
0.000000000000000000e+00
2.178246259591162261e-04
0.000000000000000000e+00
0.000000000000000000e+00
0.000000000000000000e+00
0.000000000000000000e+00
0.000000000000000000e+00
2.598428060896833012e-05
0.000000000000000000e+00
0.000000000000000000e+00
0.000000000000000000e+00
0.000000000000000000e+00
0.000000000000000000e+00
0.000000000000000000e+00
0.000000000000000000e+00
0.000000000000000000e+00
0.000000000000000000e+00
0.000000000000000000e+00
2.821225772270848520e-03
