3.499622571776160574e-04
0.000000000000000000e+00
0.000000000000000000e+00
0.000000000000000000e+00
0.000000000000000000e+00
0.000000000000000000e+00
0.000000000000000000e+00
0.000000000000000000e+00
0.000000000000000000e+00
2.404590006824335708e-04
0.000000000000000000e+00
7.184683188235393286e-03
1.492219061098150334e-03
1.244536048188646729e-03
0.000000000000000000e+00
0.000000000000000000e+00
0.000000000000000000e+00
0.000000000000000000e+00
2.655161226852600139e-03
5.217409187855345971e-03
0.000000000000000000e+00
0.000000000000000000e+00
0.000000000000000000e+00
0.000000000000000000e+00
8.747959602994490524e-04
0.000000000000000000e+00
0.000000000000000000e+00
0.000000000000000000e+00
0.000000000000000000e+00
0.000000000000000000e+00
2.806429385987161546e-03
0.000000000000000000e+00
5.645630819124741739e-02
3.354650674490129800e-03
7.367588321819119532e-03
0.000000000000000000e+00
0.000000000000000000e+00
0.000000000000000000e+00
0.000000000000000000e+00
3.289239222853341388e-02
0.000000000000000000e+00
0.000000000000000000e+00
0.000000000000000000e+00
0.000000000000000000e+00
6.101940768413608926e-03
1.492624692743544723e-03
5.849202288990991688e-04
4.064888710279734342e-03
0.000000000000000000e+00
1.496728582633206212e-02
1.071183995886162456e-03
0.000000000000000000e+00
0.000000000000000000e+00
0.000000000000000000e+00
0.000000000000000000e+00
0.000000000000000000e+00
3.607346544607504374e-04
6.339591056834484491e-04
0.000000000000000000e+00
0.000000000000000000e+00
3.566720894761625255e-03
0.000000000000000000e+00
0.000000000000000000e+00
0.000000000000000000e+00
0.000000000000000000e+00
0.000000000000000000e+00
0.000000000000000000e+00
0.000000000000000000e+00
2.210696756796953506e-03
7.636292180221447340e-05
0.000000000000000000e+00
0.000000000000000000e+00
0.000000000000000000e+00
2.012045239908196673e-03
0.000000000000000000e+00
0.000000000000000000e+00
1.022635318658217038e-03
0.000000000000000000e+00
0.000000000000000000e+00
0.000000000000000000e+00
0.000000000000000000e+00
0.000000000000000000e+00
0.000000000000000000e+00
0.000000000000000000e+00
3.150051062100639367e-03
0.000000000000000000e+00
0.000000000000000000e+00
1.901137048143322020e-03
0.000000000000000000e+00
7.618471822834958079e-03
0.000000000000000000e+00
0.000000000000000000e+00
0.000000000000000000e+00
2.678271339967221339e-03
6.601935241759876623e-04
0.000000000000000000e+00
1.042339167021664277e-03
4.004621844924351713e-03
0.000000000000000000e+00
8.820639067574239625e-05
0.000000000000000000e+00
0.000000000000000000e+00
0.000000000000000000e+00
0.000000000000000000e+00
0.000000000000000000e+00
0.000000000000000000e+00
0.000000000000000000e+00
0.000000000000000000e+00
4.411590188068388076e-03
5.744370694422702012e-03
0.000000000000000000e+00
1.228502939435548473e-03
0.000000000000000000e+00
0.000000000000000000e+00
5.792777790876474375e-03
0.000000000000000000e+00
0.000000000000000000e+00
0.000000000000000000e+00
0.000000000000000000e+00
0.000000000000000000e+00
0.000000000000000000e+00
4.647459990080936667e-04
0.000000000000000000e+00
0.000000000000000000e+00
3.332173587270362020e-03
3.768459209942116861e-02
0.000000000000000000e+00
0.000000000000000000e+00
0.000000000000000000e+00
0.000000000000000000e+00
0.000000000000000000e+00
0.000000000000000000e+00
0.000000000000000000e+00
0.000000000000000000e+00
0.000000000000000000e+00
0.000000000000000000e+00
0.000000000000000000e+00
0.000000000000000000e+00
5.807963190875951517e-03
3.122357404144072702e-05
0.000000000000000000e+00
0.000000000000000000e+00
0.000000000000000000e+00
0.000000000000000000e+00
0.000000000000000000e+00
0.000000000000000000e+00
4.285835241839367100e-03
0.000000000000000000e+00
8.515723572595894635e-05
1.119368947270591970e-03
0.000000000000000000e+00
0.000000000000000000e+00
0.000000000000000000e+00
0.000000000000000000e+00
0.000000000000000000e+00
0.000000000000000000e+00
0.000000000000000000e+00
0.000000000000000000e+00
0.000000000000000000e+00
0.000000000000000000e+00
0.000000000000000000e+00
0.000000000000000000e+00
0.000000000000000000e+00
0.000000000000000000e+00
0.000000000000000000e+00
0.000000000000000000e+00
0.000000000000000000e+00
0.000000000000000000e+00
0.000000000000000000e+00
6.004475179049564675e-03
0.000000000000000000e+00
1.014888343705652512e-03
0.000000000000000000e+00
0.000000000000000000e+00
2.293476800042947277e-03
7.911694642712492262e-05
2.725905056757199022e-04
0.000000000000000000e+00
3.405023753494080358e-04
1.991453087119933788e-04
0.000000000000000000e+00
1.399556599493106566e-03
7.162089972470067319e-04
6.311891056013368452e-03
0.000000000000000000e+00
0.000000000000000000e+00
0.000000000000000000e+00
0.000000000000000000e+00
3.376668829732144741e-03
0.000000000000000000e+00
0.000000000000000000e+00
0.000000000000000000e+00
0.000000000000000000e+00
3.762885814289492164e-04
0.000000000000000000e+00
0.000000000000000000e+00
0.000000000000000000e+00
6.453458538346272099e-05
0.000000000000000000e+00
0.000000000000000000e+00
0.000000000000000000e+00
0.000000000000000000e+00
0.000000000000000000e+00
5.735388222965351161e-03
0.000000000000000000e+00
0.000000000000000000e+00
0.000000000000000000e+00
0.000000000000000000e+00
0.000000000000000000e+00
0.000000000000000000e+00
0.000000000000000000e+00
0.000000000000000000e+00
0.000000000000000000e+00
0.000000000000000000e+00
3.446333644381629428e-03
