9.738699595513377062e+03
0.000000000000000000e+00
0.000000000000000000e+00
0.000000000000000000e+00
0.000000000000000000e+00
0.000000000000000000e+00
0.000000000000000000e+00
0.000000000000000000e+00
0.000000000000000000e+00
3.429700748955314044e-04
0.000000000000000000e+00
4.389373962678697408e-03
1.435494717617761054e-03
9.295116239883575646e-04
0.000000000000000000e+00
0.000000000000000000e+00
0.000000000000000000e+00
0.000000000000000000e+00
3.789133305745520891e-04
1.117913777402158382e-03
0.000000000000000000e+00
0.000000000000000000e+00
0.000000000000000000e+00
0.000000000000000000e+00
9.410272949162051326e-05
0.000000000000000000e+00
0.000000000000000000e+00
0.000000000000000000e+00
0.000000000000000000e+00
0.000000000000000000e+00
1.602219848655592329e-05
0.000000000000000000e+00
5.645295078031957459e-02
9.989603916191812198e-04
7.707239468047100053e-04
0.000000000000000000e+00
0.000000000000000000e+00
0.000000000000000000e+00
0.000000000000000000e+00
7.227988626166950183e-03
0.000000000000000000e+00
0.000000000000000000e+00
0.000000000000000000e+00
0.000000000000000000e+00
2.600796976882119196e-04
1.567953406576551691e-03
6.779461121181242639e-04
2.236141485336863664e-03
0.000000000000000000e+00
1.091949798665929443e-03
1.318727663536719500e-03
0.000000000000000000e+00
0.000000000000000000e+00
0.000000000000000000e+00
0.000000000000000000e+00
0.000000000000000000e+00
5.668665292587266242e-05
9.205278592150022924e-04
0.000000000000000000e+00
0.000000000000000000e+00
1.569795886052951410e-03
0.000000000000000000e+00
0.000000000000000000e+00
0.000000000000000000e+00
0.000000000000000000e+00
0.000000000000000000e+00
0.000000000000000000e+00
0.000000000000000000e+00
2.663106701170692665e-05
8.833017453719135695e-06
0.000000000000000000e+00
0.000000000000000000e+00
0.000000000000000000e+00
2.437106746653698152e-03
0.000000000000000000e+00
0.000000000000000000e+00
1.172296985519109217e-03
0.000000000000000000e+00
0.000000000000000000e+00
0.000000000000000000e+00
0.000000000000000000e+00
0.000000000000000000e+00
0.000000000000000000e+00
0.000000000000000000e+00
3.769681885268091458e-03
0.000000000000000000e+00
0.000000000000000000e+00
4.818304680624549917e-04
0.000000000000000000e+00
2.302417160429556450e-02
0.000000000000000000e+00
0.000000000000000000e+00
0.000000000000000000e+00
1.590497602929875041e-04
2.082696281386119466e-04
0.000000000000000000e+00
3.131923552907762975e-04
5.284177758838878381e-04
0.000000000000000000e+00
1.743397536789780856e-04
0.000000000000000000e+00
0.000000000000000000e+00
0.000000000000000000e+00
0.000000000000000000e+00
0.000000000000000000e+00
0.000000000000000000e+00
0.000000000000000000e+00
0.000000000000000000e+00
1.003513221548272714e-04
9.321167374904875205e-05
0.000000000000000000e+00
4.853179650601207131e-04
0.000000000000000000e+00
0.000000000000000000e+00
4.418059690253096222e-04
0.000000000000000000e+00
0.000000000000000000e+00
0.000000000000000000e+00
0.000000000000000000e+00
0.000000000000000000e+00
0.000000000000000000e+00
3.466292482028248204e-04
0.000000000000000000e+00
0.000000000000000000e+00
1.957839127750162726e-03
3.858653793964598316e-02
0.000000000000000000e+00
0.000000000000000000e+00
0.000000000000000000e+00
0.000000000000000000e+00
0.000000000000000000e+00
0.000000000000000000e+00
0.000000000000000000e+00
0.000000000000000000e+00
0.000000000000000000e+00
0.000000000000000000e+00
0.000000000000000000e+00
0.000000000000000000e+00
1.149123185344858326e-03
4.942493047850113336e-05
0.000000000000000000e+00
0.000000000000000000e+00
0.000000000000000000e+00
0.000000000000000000e+00
0.000000000000000000e+00
0.000000000000000000e+00
1.123808396452476112e-03
0.000000000000000000e+00
2.610942619669471355e-05
2.145261517991680559e-04
0.000000000000000000e+00
0.000000000000000000e+00
0.000000000000000000e+00
0.000000000000000000e+00
0.000000000000000000e+00
0.000000000000000000e+00
0.000000000000000000e+00
0.000000000000000000e+00
0.000000000000000000e+00
0.000000000000000000e+00
0.000000000000000000e+00
0.000000000000000000e+00
0.000000000000000000e+00
0.000000000000000000e+00
0.000000000000000000e+00
0.000000000000000000e+00
0.000000000000000000e+00
0.000000000000000000e+00
0.000000000000000000e+00
1.113271828375619714e-03
0.000000000000000000e+00
1.180702662465310960e-03
0.000000000000000000e+00
0.000000000000000000e+00
8.761342488894124274e-04
7.960664444406586458e-07
2.272279734597207095e-07
0.000000000000000000e+00
4.228373905482196092e-06
4.323359933458315344e-04
0.000000000000000000e+00
2.464927010240947416e-03
2.855166785337439847e-04
1.861590460983435875e-03
0.000000000000000000e+00
0.000000000000000000e+00
0.000000000000000000e+00
0.000000000000000000e+00
6.320781639922480599e-04
0.000000000000000000e+00
0.000000000000000000e+00
0.000000000000000000e+00
0.000000000000000000e+00
1.293665065874694299e-05
0.000000000000000000e+00
0.000000000000000000e+00
0.000000000000000000e+00
7.826345003762377739e-05
0.000000000000000000e+00
0.000000000000000000e+00
0.000000000000000000e+00
0.000000000000000000e+00
0.000000000000000000e+00
6.140966836346441844e-04
0.000000000000000000e+00
0.000000000000000000e+00
0.000000000000000000e+00
0.000000000000000000e+00
0.000000000000000000e+00
0.000000000000000000e+00
0.000000000000000000e+00
0.000000000000000000e+00
0.000000000000000000e+00
0.000000000000000000e+00
9.162295775016888978e-04
