2.184888301887836625e-03
0.000000000000000000e+00
0.000000000000000000e+00
0.000000000000000000e+00
0.000000000000000000e+00
0.000000000000000000e+00
0.000000000000000000e+00
0.000000000000000000e+00
0.000000000000000000e+00
4.583694296823852959e-03
0.000000000000000000e+00
4.389372805230931304e-03
4.407693270955247676e-03
4.653639797665332545e-04
0.000000000000000000e+00
0.000000000000000000e+00
0.000000000000000000e+00
0.000000000000000000e+00
6.829754372439727009e-03
8.676739589047802875e-03
0.000000000000000000e+00
0.000000000000000000e+00
0.000000000000000000e+00
0.000000000000000000e+00
3.636380675957176772e-03
0.000000000000000000e+00
0.000000000000000000e+00
0.000000000000000000e+00
0.000000000000000000e+00
0.000000000000000000e+00
1.479435065079623413e-02
0.000000000000000000e+00
1.656287435421384124e-01
9.986864653463619831e-03
1.318060961344597569e-02
0.000000000000000000e+00
0.000000000000000000e+00
0.000000000000000000e+00
0.000000000000000000e+00
3.943020480679538392e-02
0.000000000000000000e+00
0.000000000000000000e+00
0.000000000000000000e+00
0.000000000000000000e+00
1.266614652773004335e-02
6.214299493488042482e-03
4.878631789113109518e-03
1.316023208581654051e-02
0.000000000000000000e+00
8.571950435274059907e-03
4.929284489131897234e-03
0.000000000000000000e+00
0.000000000000000000e+00
0.000000000000000000e+00
0.000000000000000000e+00
0.000000000000000000e+00
4.005613511366789940e-04
4.887417294067562638e-03
0.000000000000000000e+00
0.000000000000000000e+00
7.860270891342849287e-03
0.000000000000000000e+00
0.000000000000000000e+00
0.000000000000000000e+00
0.000000000000000000e+00
0.000000000000000000e+00
0.000000000000000000e+00
0.000000000000000000e+00
7.169288235801510485e-03
1.174723165104313164e-03
0.000000000000000000e+00
0.000000000000000000e+00
0.000000000000000000e+00
5.279517373497496883e-03
0.000000000000000000e+00
0.000000000000000000e+00
6.673417798589309329e-03
0.000000000000000000e+00
0.000000000000000000e+00
0.000000000000000000e+00
0.000000000000000000e+00
0.000000000000000000e+00
0.000000000000000000e+00
0.000000000000000000e+00
2.609577994824371672e+01
0.000000000000000000e+00
0.000000000000000000e+00
7.163583743531814520e-03
0.000000000000000000e+00
1.192733854193394998e-02
0.000000000000000000e+00
0.000000000000000000e+00
0.000000000000000000e+00
8.270521405871127801e-03
2.138762467381124469e-03
0.000000000000000000e+00
4.126613550058948372e-03
7.149082866374110654e-03
0.000000000000000000e+00
1.743397359818760824e-04
0.000000000000000000e+00
0.000000000000000000e+00
0.000000000000000000e+00
0.000000000000000000e+00
0.000000000000000000e+00
0.000000000000000000e+00
0.000000000000000000e+00
0.000000000000000000e+00
1.351176205546254783e-02
9.144592969419267081e-03
0.000000000000000000e+00
6.178009629527834578e-06
0.000000000000000000e+00
0.000000000000000000e+00
1.243338132984866083e-02
0.000000000000000000e+00
0.000000000000000000e+00
0.000000000000000000e+00
0.000000000000000000e+00
0.000000000000000000e+00
0.000000000000000000e+00
2.502557383421425558e-03
0.000000000000000000e+00
0.000000000000000000e+00
7.825522435456307851e-03
3.913435485128839708e-02
0.000000000000000000e+00
0.000000000000000000e+00
0.000000000000000000e+00
0.000000000000000000e+00
0.000000000000000000e+00
0.000000000000000000e+00
0.000000000000000000e+00
0.000000000000000000e+00
0.000000000000000000e+00
0.000000000000000000e+00
0.000000000000000000e+00
0.000000000000000000e+00
9.926163327495591410e-03
3.231444448454944061e-04
0.000000000000000000e+00
0.000000000000000000e+00
0.000000000000000000e+00
0.000000000000000000e+00
0.000000000000000000e+00
0.000000000000000000e+00
8.962599964271008440e-03
0.000000000000000000e+00
6.653973080669690421e-04
3.986002760705231220e-03
0.000000000000000000e+00
0.000000000000000000e+00
0.000000000000000000e+00
0.000000000000000000e+00
0.000000000000000000e+00
0.000000000000000000e+00
0.000000000000000000e+00
0.000000000000000000e+00
0.000000000000000000e+00
0.000000000000000000e+00
0.000000000000000000e+00
0.000000000000000000e+00
0.000000000000000000e+00
0.000000000000000000e+00
0.000000000000000000e+00
0.000000000000000000e+00
0.000000000000000000e+00
0.000000000000000000e+00
0.000000000000000000e+00
9.137920995157991499e-03
0.000000000000000000e+00
4.837742702906741403e-03
0.000000000000000000e+00
0.000000000000000000e+00
7.492535600522015615e-03
6.361628620861203842e-04
2.485991332667669348e-03
0.000000000000000000e+00
4.833077550298817658e-03
1.978543712016888299e-03
0.000000000000000000e+00
3.772898121450535183e-03
4.900528881437061986e-07
9.588585098705819723e-03
0.000000000000000000e+00
0.000000000000000000e+00
0.000000000000000000e+00
0.000000000000000000e+00
1.620335931344612720e-02
0.000000000000000000e+00
0.000000000000000000e+00
0.000000000000000000e+00
0.000000000000000000e+00
1.293607488292557392e-05
0.000000000000000000e+00
0.000000000000000000e+00
0.000000000000000000e+00
2.703631850817497361e-03
0.000000000000000000e+00
0.000000000000000000e+00
0.000000000000000000e+00
0.000000000000000000e+00
0.000000000000000000e+00
9.806928230979429506e-03
0.000000000000000000e+00
0.000000000000000000e+00
0.000000000000000000e+00
0.000000000000000000e+00
0.000000000000000000e+00
0.000000000000000000e+00
0.000000000000000000e+00
0.000000000000000000e+00
0.000000000000000000e+00
0.000000000000000000e+00
9.162295786489751568e-04
