1.160340540010798197e-04
0.000000000000000000e+00
0.000000000000000000e+00
0.000000000000000000e+00
0.000000000000000000e+00
0.000000000000000000e+00
0.000000000000000000e+00
0.000000000000000000e+00
0.000000000000000000e+00
1.351299915673227704e-04
0.000000000000000000e+00
2.808384856794127974e-03
3.386426349476836926e-05
2.005240056617544567e-03
0.000000000000000000e+00
0.000000000000000000e+00
0.000000000000000000e+00
0.000000000000000000e+00
2.560082805253339252e-04
7.986622089481937401e-05
0.000000000000000000e+00
0.000000000000000000e+00
0.000000000000000000e+00
0.000000000000000000e+00
2.584528441439999246e-04
0.000000000000000000e+00
0.000000000000000000e+00
0.000000000000000000e+00
0.000000000000000000e+00
0.000000000000000000e+00
2.976242405507129389e-07
0.000000000000000000e+00
8.449459250686290612e-02
4.991684522171241823e-05
1.549483225401262510e-07
0.000000000000000000e+00
0.000000000000000000e+00
0.000000000000000000e+00
0.000000000000000000e+00
5.529286671305627850e-03
0.000000000000000000e+00
0.000000000000000000e+00
0.000000000000000000e+00
0.000000000000000000e+00
4.053955136542308242e-07
5.144266404962203080e-04
2.510571920248398821e-04
2.971250668438685195e-04
0.000000000000000000e+00
4.237754660580313881e-05
1.927643458178032938e-04
0.000000000000000000e+00
0.000000000000000000e+00
0.000000000000000000e+00
0.000000000000000000e+00
0.000000000000000000e+00
2.788074881165916903e-04
4.486674956912832967e-06
0.000000000000000000e+00
0.000000000000000000e+00
5.891091761651819298e-04
0.000000000000000000e+00
0.000000000000000000e+00
0.000000000000000000e+00
0.000000000000000000e+00
0.000000000000000000e+00
0.000000000000000000e+00
0.000000000000000000e+00
1.743094441167065598e-04
1.474783815451327412e-04
0.000000000000000000e+00
0.000000000000000000e+00
0.000000000000000000e+00
2.044056021599905228e-04
0.000000000000000000e+00
0.000000000000000000e+00
5.792564515870574061e-05
0.000000000000000000e+00
0.000000000000000000e+00
0.000000000000000000e+00
0.000000000000000000e+00
0.000000000000000000e+00
0.000000000000000000e+00
0.000000000000000000e+00
5.716938258430848520e-04
0.000000000000000000e+00
0.000000000000000000e+00
3.674604533268764666e-05
0.000000000000000000e+00
6.999327010806662922e-05
0.000000000000000000e+00
0.000000000000000000e+00
0.000000000000000000e+00
5.525431975660493206e-05
5.400732527699059424e-06
0.000000000000000000e+00
4.460617129839508882e-04
7.741577259891525376e-06
0.000000000000000000e+00
2.846970512426632042e-04
0.000000000000000000e+00
0.000000000000000000e+00
0.000000000000000000e+00
0.000000000000000000e+00
0.000000000000000000e+00
0.000000000000000000e+00
0.000000000000000000e+00
0.000000000000000000e+00
5.520149786800984871e-05
1.095963124884169867e-06
0.000000000000000000e+00
8.138554597045633086e-04
0.000000000000000000e+00
0.000000000000000000e+00
7.535676967584225411e-05
0.000000000000000000e+00
0.000000000000000000e+00
0.000000000000000000e+00
0.000000000000000000e+00
0.000000000000000000e+00
0.000000000000000000e+00
1.627737211729402000e-03
0.000000000000000000e+00
0.000000000000000000e+00
2.040658771522473123e-04
3.368149562408095932e-02
0.000000000000000000e+00
0.000000000000000000e+00
0.000000000000000000e+00
0.000000000000000000e+00
0.000000000000000000e+00
0.000000000000000000e+00
0.000000000000000000e+00
0.000000000000000000e+00
0.000000000000000000e+00
0.000000000000000000e+00
0.000000000000000000e+00
0.000000000000000000e+00
4.127064531991487162e-05
1.266973373226146888e-05
0.000000000000000000e+00
0.000000000000000000e+00
0.000000000000000000e+00
0.000000000000000000e+00
0.000000000000000000e+00
0.000000000000000000e+00
1.062890063118786439e-04
0.000000000000000000e+00
2.025491461724379140e-03
7.645335412019236285e-04
0.000000000000000000e+00
0.000000000000000000e+00
0.000000000000000000e+00
0.000000000000000000e+00
0.000000000000000000e+00
0.000000000000000000e+00
0.000000000000000000e+00
0.000000000000000000e+00
0.000000000000000000e+00
0.000000000000000000e+00
0.000000000000000000e+00
0.000000000000000000e+00
0.000000000000000000e+00
0.000000000000000000e+00
0.000000000000000000e+00
0.000000000000000000e+00
0.000000000000000000e+00
0.000000000000000000e+00
0.000000000000000000e+00
2.437808796601012443e-04
0.000000000000000000e+00
1.889820246914318766e-05
0.000000000000000000e+00
0.000000000000000000e+00
1.246057066234214957e-04
4.690537986683486563e-05
3.070252397817477296e-04
0.000000000000000000e+00
3.244965615743745316e-04
7.623072093167521275e-04
0.000000000000000000e+00
1.058512557917840062e-06
1.637071979100980122e-03
5.501687112371805822e-05
0.000000000000000000e+00
0.000000000000000000e+00
0.000000000000000000e+00
0.000000000000000000e+00
1.751425781655322801e-04
0.000000000000000000e+00
0.000000000000000000e+00
0.000000000000000000e+00
0.000000000000000000e+00
8.717354619610201926e-05
0.000000000000000000e+00
0.000000000000000000e+00
0.000000000000000000e+00
3.848561224411633716e-04
0.000000000000000000e+00
0.000000000000000000e+00
0.000000000000000000e+00
0.000000000000000000e+00
0.000000000000000000e+00
2.346388719281594298e-07
0.000000000000000000e+00
0.000000000000000000e+00
0.000000000000000000e+00
0.000000000000000000e+00
0.000000000000000000e+00
0.000000000000000000e+00
0.000000000000000000e+00
0.000000000000000000e+00
0.000000000000000000e+00
0.000000000000000000e+00
4.170754078772173287e-03
