1.260814556997950930e-04
0.000000000000000000e+00
0.000000000000000000e+00
0.000000000000000000e+00
0.000000000000000000e+00
0.000000000000000000e+00
0.000000000000000000e+00
0.000000000000000000e+00
0.000000000000000000e+00
1.753374223442214093e-04
0.000000000000000000e+00
9.687550250490187254e-03
9.152842973504588312e-05
2.353418773028430246e-03
0.000000000000000000e+00
0.000000000000000000e+00
0.000000000000000000e+00
0.000000000000000000e+00
1.897291936071952704e-04
2.916829959321152235e-06
0.000000000000000000e+00
0.000000000000000000e+00
0.000000000000000000e+00
0.000000000000000000e+00
6.203283549120270279e-05
0.000000000000000000e+00
0.000000000000000000e+00
0.000000000000000000e+00
0.000000000000000000e+00
0.000000000000000000e+00
5.468580795684424156e-07
0.000000000000000000e+00
8.449214443328842417e-02
3.700854811497188271e-05
2.345383900207115039e-05
0.000000000000000000e+00
0.000000000000000000e+00
0.000000000000000000e+00
0.000000000000000000e+00
5.530772058711727092e-03
0.000000000000000000e+00
0.000000000000000000e+00
0.000000000000000000e+00
0.000000000000000000e+00
3.965977568627991670e-06
1.393654336519598459e-04
4.029373428161781046e-07
2.092785920605618160e-04
0.000000000000000000e+00
1.281750111224794889e-05
1.245778545875874462e-04
0.000000000000000000e+00
0.000000000000000000e+00
0.000000000000000000e+00
0.000000000000000000e+00
0.000000000000000000e+00
1.328071862265233936e-03
8.238103992018242817e-04
0.000000000000000000e+00
0.000000000000000000e+00
8.881412240032488447e-04
0.000000000000000000e+00
0.000000000000000000e+00
0.000000000000000000e+00
0.000000000000000000e+00
0.000000000000000000e+00
0.000000000000000000e+00
0.000000000000000000e+00
4.934187698323506694e-04
1.527764923339722312e-04
0.000000000000000000e+00
0.000000000000000000e+00
0.000000000000000000e+00
2.219408648259635071e-04
0.000000000000000000e+00
0.000000000000000000e+00
1.105446400244234782e-04
0.000000000000000000e+00
0.000000000000000000e+00
0.000000000000000000e+00
0.000000000000000000e+00
0.000000000000000000e+00
0.000000000000000000e+00
0.000000000000000000e+00
2.562426452735581690e-04
0.000000000000000000e+00
0.000000000000000000e+00
3.308271508442453475e-05
0.000000000000000000e+00
2.510031252769618979e-07
0.000000000000000000e+00
0.000000000000000000e+00
0.000000000000000000e+00
2.261139596274084086e-05
6.326227218610268202e-05
0.000000000000000000e+00
1.583553692302702275e-03
1.199458350095834342e-05
0.000000000000000000e+00
4.781598668124879175e-04
0.000000000000000000e+00
0.000000000000000000e+00
0.000000000000000000e+00
0.000000000000000000e+00
0.000000000000000000e+00
0.000000000000000000e+00
0.000000000000000000e+00
0.000000000000000000e+00
9.834173945213342148e-05
9.779859299593460093e-07
0.000000000000000000e+00
1.298992120272250933e-04
0.000000000000000000e+00
0.000000000000000000e+00
6.257938224614528419e-05
0.000000000000000000e+00
0.000000000000000000e+00
0.000000000000000000e+00
0.000000000000000000e+00
0.000000000000000000e+00
0.000000000000000000e+00
7.546953953567472288e-04
0.000000000000000000e+00
0.000000000000000000e+00
2.419504668256391251e-04
2.828700371806728772e-02
0.000000000000000000e+00
0.000000000000000000e+00
0.000000000000000000e+00
0.000000000000000000e+00
0.000000000000000000e+00
0.000000000000000000e+00
0.000000000000000000e+00
0.000000000000000000e+00
0.000000000000000000e+00
0.000000000000000000e+00
0.000000000000000000e+00
0.000000000000000000e+00
1.781530032844539602e-05
6.070438765820795520e-06
0.000000000000000000e+00
0.000000000000000000e+00
0.000000000000000000e+00
0.000000000000000000e+00
0.000000000000000000e+00
0.000000000000000000e+00
7.295445860039192110e-05
0.000000000000000000e+00
4.205128197851378869e-04
5.463283719360026176e-04
0.000000000000000000e+00
0.000000000000000000e+00
0.000000000000000000e+00
0.000000000000000000e+00
0.000000000000000000e+00
0.000000000000000000e+00
0.000000000000000000e+00
0.000000000000000000e+00
0.000000000000000000e+00
0.000000000000000000e+00
0.000000000000000000e+00
0.000000000000000000e+00
0.000000000000000000e+00
0.000000000000000000e+00
0.000000000000000000e+00
0.000000000000000000e+00
0.000000000000000000e+00
0.000000000000000000e+00
0.000000000000000000e+00
1.163578962599884505e-04
0.000000000000000000e+00
1.583851192001428277e-06
0.000000000000000000e+00
0.000000000000000000e+00
4.792521552740267347e-05
3.496025279020525860e-10
1.623001139608749041e-04
0.000000000000000000e+00
1.236346570665001413e-06
9.763086577058687756e-04
0.000000000000000000e+00
4.012436733386334602e-04
9.608517111642157120e-04
2.716412593940948776e-05
0.000000000000000000e+00
0.000000000000000000e+00
0.000000000000000000e+00
0.000000000000000000e+00
5.338012227725928200e-05
0.000000000000000000e+00
0.000000000000000000e+00
0.000000000000000000e+00
0.000000000000000000e+00
3.979035679705677418e-06
0.000000000000000000e+00
0.000000000000000000e+00
0.000000000000000000e+00
1.849997254101637769e-04
0.000000000000000000e+00
0.000000000000000000e+00
0.000000000000000000e+00
0.000000000000000000e+00
0.000000000000000000e+00
4.099979830554309479e-05
0.000000000000000000e+00
0.000000000000000000e+00
0.000000000000000000e+00
0.000000000000000000e+00
0.000000000000000000e+00
0.000000000000000000e+00
0.000000000000000000e+00
0.000000000000000000e+00
0.000000000000000000e+00
0.000000000000000000e+00
3.894986669776709810e-03
