5.348052387743112632e-04
0.000000000000000000e+00
0.000000000000000000e+00
0.000000000000000000e+00
0.000000000000000000e+00
0.000000000000000000e+00
0.000000000000000000e+00
0.000000000000000000e+00
0.000000000000000000e+00
3.429701579873507995e-04
0.000000000000000000e+00
4.389371825757924263e-03
1.435495463173784006e-03
9.295111885404999967e-04
0.000000000000000000e+00
0.000000000000000000e+00
0.000000000000000000e+00
0.000000000000000000e+00
3.789133487885681592e-04
1.117913399079204688e-03
0.000000000000000000e+00
0.000000000000000000e+00
0.000000000000000000e+00
0.000000000000000000e+00
9.410273617695678492e-05
0.000000000000000000e+00
0.000000000000000000e+00
0.000000000000000000e+00
0.000000000000000000e+00
0.000000000000000000e+00
1.602212692477127446e-05
0.000000000000000000e+00
5.645301505371140560e-02
9.989606099862348258e-04
7.707245650059928134e-04
0.000000000000000000e+00
0.000000000000000000e+00
0.000000000000000000e+00
0.000000000000000000e+00
7.227997818742657767e-03
0.000000000000000000e+00
0.000000000000000000e+00
0.000000000000000000e+00
0.000000000000000000e+00
2.600795896501861284e-04
1.567952913559624061e-03
6.779459435203167824e-04
2.236142557680008934e-03
0.000000000000000000e+00
1.091949756166689855e-03
1.318727299921930831e-03
0.000000000000000000e+00
0.000000000000000000e+00
0.000000000000000000e+00
0.000000000000000000e+00
0.000000000000000000e+00
5.668662077998033689e-05
9.205282689450542625e-04
0.000000000000000000e+00
0.000000000000000000e+00
1.569795682873306860e-03
0.000000000000000000e+00
0.000000000000000000e+00
0.000000000000000000e+00
0.000000000000000000e+00
0.000000000000000000e+00
0.000000000000000000e+00
0.000000000000000000e+00
2.663087834624976150e-05
8.832970590175182724e-06
0.000000000000000000e+00
0.000000000000000000e+00
0.000000000000000000e+00
2.437081977708869390e-03
0.000000000000000000e+00
0.000000000000000000e+00
1.172298845302803018e-03
0.000000000000000000e+00
0.000000000000000000e+00
0.000000000000000000e+00
0.000000000000000000e+00
0.000000000000000000e+00
0.000000000000000000e+00
0.000000000000000000e+00
3.769682080471624917e-03
0.000000000000000000e+00
0.000000000000000000e+00
4.818305316644244944e-04
0.000000000000000000e+00
7.026410058486935424e-04
0.000000000000000000e+00
0.000000000000000000e+00
0.000000000000000000e+00
1.590490836421364583e-04
2.082696307361285766e-04
0.000000000000000000e+00
3.131923968053274801e-04
5.284170791579911354e-04
0.000000000000000000e+00
1.743398492954466859e-04
0.000000000000000000e+00
0.000000000000000000e+00
0.000000000000000000e+00
0.000000000000000000e+00
0.000000000000000000e+00
0.000000000000000000e+00
0.000000000000000000e+00
0.000000000000000000e+00
3.369227447303841494e+00
9.321240341358326105e-05
0.000000000000000000e+00
4.853179113605614282e-04
0.000000000000000000e+00
0.000000000000000000e+00
4.418056921667262542e-04
0.000000000000000000e+00
0.000000000000000000e+00
0.000000000000000000e+00
0.000000000000000000e+00
0.000000000000000000e+00
0.000000000000000000e+00
3.591972267002388323e-04
0.000000000000000000e+00
0.000000000000000000e+00
1.957838902991854407e-03
3.858653743575859996e-02
0.000000000000000000e+00
0.000000000000000000e+00
0.000000000000000000e+00
0.000000000000000000e+00
0.000000000000000000e+00
0.000000000000000000e+00
0.000000000000000000e+00
0.000000000000000000e+00
0.000000000000000000e+00
0.000000000000000000e+00
0.000000000000000000e+00
0.000000000000000000e+00
1.149123193877766647e-03
4.942492659650480578e-05
0.000000000000000000e+00
0.000000000000000000e+00
0.000000000000000000e+00
0.000000000000000000e+00
0.000000000000000000e+00
0.000000000000000000e+00
1.123808426686097057e-03
0.000000000000000000e+00
2.610931878636211527e-05
2.145268543407573584e-04
0.000000000000000000e+00
0.000000000000000000e+00
0.000000000000000000e+00
0.000000000000000000e+00
0.000000000000000000e+00
0.000000000000000000e+00
0.000000000000000000e+00
0.000000000000000000e+00
0.000000000000000000e+00
0.000000000000000000e+00
0.000000000000000000e+00
0.000000000000000000e+00
0.000000000000000000e+00
0.000000000000000000e+00
0.000000000000000000e+00
0.000000000000000000e+00
0.000000000000000000e+00
0.000000000000000000e+00
0.000000000000000000e+00
1.113278965550955910e-03
0.000000000000000000e+00
1.180702463885230846e-03
0.000000000000000000e+00
0.000000000000000000e+00
8.761352994656858642e-04
7.960625527488241247e-07
2.272301357120930455e-07
0.000000000000000000e+00
4.228373151612291900e-06
4.323354676161420972e-04
0.000000000000000000e+00
2.464929798102371335e-03
2.855166387497370039e-04
1.861589295987187750e-03
0.000000000000000000e+00
0.000000000000000000e+00
0.000000000000000000e+00
0.000000000000000000e+00
9.069217786280247802e-04
0.000000000000000000e+00
0.000000000000000000e+00
0.000000000000000000e+00
0.000000000000000000e+00
1.293698078250475957e-05
0.000000000000000000e+00
0.000000000000000000e+00
0.000000000000000000e+00
7.826337693680114106e-05
0.000000000000000000e+00
0.000000000000000000e+00
0.000000000000000000e+00
0.000000000000000000e+00
0.000000000000000000e+00
1.252149438882667548e-03
0.000000000000000000e+00
0.000000000000000000e+00
0.000000000000000000e+00
0.000000000000000000e+00
0.000000000000000000e+00
0.000000000000000000e+00
0.000000000000000000e+00
0.000000000000000000e+00
0.000000000000000000e+00
0.000000000000000000e+00
9.162290702918432679e-04
