2.002820588882114775e-04
0.000000000000000000e+00
0.000000000000000000e+00
0.000000000000000000e+00
0.000000000000000000e+00
0.000000000000000000e+00
0.000000000000000000e+00
0.000000000000000000e+00
0.000000000000000000e+00
6.421160582113581000e-05
0.000000000000000000e+00
9.981905178602123660e-03
1.959498340751912148e-04
3.762875034213937400e-03
0.000000000000000000e+00
0.000000000000000000e+00
0.000000000000000000e+00
0.000000000000000000e+00
9.763946032661557220e-06
3.703225738228854696e-06
0.000000000000000000e+00
0.000000000000000000e+00
0.000000000000000000e+00
0.000000000000000000e+00
5.597252033295877166e-04
0.000000000000000000e+00
0.000000000000000000e+00
0.000000000000000000e+00
0.000000000000000000e+00
0.000000000000000000e+00
2.303150330939080712e-06
0.000000000000000000e+00
8.449454985168489141e-02
5.486168323342530444e-06
2.277290575776260041e-05
0.000000000000000000e+00
0.000000000000000000e+00
0.000000000000000000e+00
0.000000000000000000e+00
5.528452519320017217e-03
0.000000000000000000e+00
0.000000000000000000e+00
0.000000000000000000e+00
0.000000000000000000e+00
2.399237992167188807e-05
8.056792775334264793e-04
7.049640105686833609e-05
2.809409190436802737e-04
0.000000000000000000e+00
2.695005294353778840e-07
6.297381042988733782e-05
0.000000000000000000e+00
0.000000000000000000e+00
0.000000000000000000e+00
0.000000000000000000e+00
0.000000000000000000e+00
9.151904445255254093e-04
7.227197801150138780e-05
0.000000000000000000e+00
0.000000000000000000e+00
5.693102947196860024e-04
0.000000000000000000e+00
0.000000000000000000e+00
0.000000000000000000e+00
0.000000000000000000e+00
0.000000000000000000e+00
0.000000000000000000e+00
0.000000000000000000e+00
2.884844994801405004e-04
7.177120106770420842e-05
0.000000000000000000e+00
0.000000000000000000e+00
0.000000000000000000e+00
3.878876705257272356e-04
0.000000000000000000e+00
0.000000000000000000e+00
1.019236241126791599e-04
0.000000000000000000e+00
0.000000000000000000e+00
0.000000000000000000e+00
0.000000000000000000e+00
0.000000000000000000e+00
0.000000000000000000e+00
0.000000000000000000e+00
3.752358293414390241e-04
0.000000000000000000e+00
0.000000000000000000e+00
4.260829943398100214e-06
0.000000000000000000e+00
3.176642352864873011e-05
0.000000000000000000e+00
0.000000000000000000e+00
0.000000000000000000e+00
1.200741356192889272e-04
2.638771286512337443e-04
0.000000000000000000e+00
2.073252778107539051e-04
2.284743856985855728e-05
0.000000000000000000e+00
2.741607748341587444e-08
0.000000000000000000e+00
0.000000000000000000e+00
0.000000000000000000e+00
0.000000000000000000e+00
0.000000000000000000e+00
0.000000000000000000e+00
0.000000000000000000e+00
0.000000000000000000e+00
5.636514598020343661e-05
5.930551179046832933e-07
0.000000000000000000e+00
3.334600462245476769e-03
0.000000000000000000e+00
0.000000000000000000e+00
1.193185492219633713e-04
0.000000000000000000e+00
0.000000000000000000e+00
0.000000000000000000e+00
0.000000000000000000e+00
0.000000000000000000e+00
0.000000000000000000e+00
8.222498587279328860e-04
0.000000000000000000e+00
0.000000000000000000e+00
2.077483546179742849e-04
2.493683023889988956e-02
0.000000000000000000e+00
0.000000000000000000e+00
0.000000000000000000e+00
0.000000000000000000e+00
0.000000000000000000e+00
0.000000000000000000e+00
0.000000000000000000e+00
0.000000000000000000e+00
0.000000000000000000e+00
0.000000000000000000e+00
0.000000000000000000e+00
0.000000000000000000e+00
2.955199748783406659e-05
9.500351555363698262e-09
0.000000000000000000e+00
0.000000000000000000e+00
0.000000000000000000e+00
0.000000000000000000e+00
0.000000000000000000e+00
0.000000000000000000e+00
5.303545428102704440e-05
0.000000000000000000e+00
2.203060820072866560e-03
6.075064724209402653e-06
0.000000000000000000e+00
0.000000000000000000e+00
0.000000000000000000e+00
0.000000000000000000e+00
0.000000000000000000e+00
0.000000000000000000e+00
0.000000000000000000e+00
0.000000000000000000e+00
0.000000000000000000e+00
0.000000000000000000e+00
0.000000000000000000e+00
0.000000000000000000e+00
0.000000000000000000e+00
0.000000000000000000e+00
0.000000000000000000e+00
0.000000000000000000e+00
0.000000000000000000e+00
0.000000000000000000e+00
0.000000000000000000e+00
1.553992187273282559e-05
0.000000000000000000e+00
1.719845059162578263e-05
0.000000000000000000e+00
0.000000000000000000e+00
1.594951397617215951e-04
4.760229521078599164e-06
6.051065114743488260e-05
0.000000000000000000e+00
1.438329275846349036e-04
1.585937566568972651e-05
0.000000000000000000e+00
4.421245801880127428e-05
2.664781285862346128e-03
2.463333649814097880e-04
0.000000000000000000e+00
0.000000000000000000e+00
0.000000000000000000e+00
0.000000000000000000e+00
1.104626781504409409e-04
0.000000000000000000e+00
0.000000000000000000e+00
0.000000000000000000e+00
0.000000000000000000e+00
2.513235241935211288e-04
0.000000000000000000e+00
0.000000000000000000e+00
0.000000000000000000e+00
7.294881395444269907e-05
0.000000000000000000e+00
0.000000000000000000e+00
0.000000000000000000e+00
0.000000000000000000e+00
0.000000000000000000e+00
3.780243358862649800e-05
0.000000000000000000e+00
0.000000000000000000e+00
0.000000000000000000e+00
0.000000000000000000e+00
0.000000000000000000e+00
0.000000000000000000e+00
0.000000000000000000e+00
0.000000000000000000e+00
0.000000000000000000e+00
0.000000000000000000e+00
5.043968066205083318e-03
