2.184887895152041841e-03
0.000000000000000000e+00
0.000000000000000000e+00
0.000000000000000000e+00
0.000000000000000000e+00
0.000000000000000000e+00
0.000000000000000000e+00
0.000000000000000000e+00
0.000000000000000000e+00
4.583690499951501712e-03
0.000000000000000000e+00
4.389374022458972756e-03
4.407694066123750767e-03
4.653639801034120541e-04
0.000000000000000000e+00
0.000000000000000000e+00
0.000000000000000000e+00
0.000000000000000000e+00
6.829753488434158609e-03
8.676736027146185470e-03
0.000000000000000000e+00
0.000000000000000000e+00
0.000000000000000000e+00
0.000000000000000000e+00
3.636382108427043021e-03
0.000000000000000000e+00
0.000000000000000000e+00
0.000000000000000000e+00
0.000000000000000000e+00
0.000000000000000000e+00
1.479435150719481638e-02
0.000000000000000000e+00
1.656287482391832766e-01
9.986865326065718848e-03
1.318060914695253286e-02
0.000000000000000000e+00
0.000000000000000000e+00
0.000000000000000000e+00
0.000000000000000000e+00
3.943020185032566211e-02
0.000000000000000000e+00
0.000000000000000000e+00
0.000000000000000000e+00
0.000000000000000000e+00
1.266668877190648551e-02
6.214296608241623963e-03
4.878633011455375118e-03
1.316023499908302273e-02
0.000000000000000000e+00
8.572254835044819388e-03
4.929286268113846833e-03
0.000000000000000000e+00
0.000000000000000000e+00
0.000000000000000000e+00
0.000000000000000000e+00
0.000000000000000000e+00
4.005623229534937321e-04
4.887416145210923477e-03
0.000000000000000000e+00
0.000000000000000000e+00
7.860270334473883416e-03
0.000000000000000000e+00
0.000000000000000000e+00
0.000000000000000000e+00
0.000000000000000000e+00
0.000000000000000000e+00
0.000000000000000000e+00
0.000000000000000000e+00
1.122259578058638560e-02
1.174741349594151133e-03
0.000000000000000000e+00
0.000000000000000000e+00
0.000000000000000000e+00
5.279516434211209246e-03
0.000000000000000000e+00
0.000000000000000000e+00
6.673417239456982085e-03
0.000000000000000000e+00
0.000000000000000000e+00
0.000000000000000000e+00
0.000000000000000000e+00
0.000000000000000000e+00
0.000000000000000000e+00
0.000000000000000000e+00
6.751112389313387169e-03
0.000000000000000000e+00
0.000000000000000000e+00
7.163585495600053275e-03
0.000000000000000000e+00
1.192734427835052784e-02
0.000000000000000000e+00
0.000000000000000000e+00
0.000000000000000000e+00
8.270513516913161750e-03
2.138760703993722659e-03
0.000000000000000000e+00
4.126614640011826325e-03
7.149086246759121625e-03
0.000000000000000000e+00
1.743392702478242264e-04
0.000000000000000000e+00
0.000000000000000000e+00
0.000000000000000000e+00
0.000000000000000000e+00
0.000000000000000000e+00
0.000000000000000000e+00
0.000000000000000000e+00
0.000000000000000000e+00
1.351175348511927769e-02
9.144588205010479448e-03
0.000000000000000000e+00
6.177942622251437064e-06
0.000000000000000000e+00
0.000000000000000000e+00
1.243338218913260518e-02
0.000000000000000000e+00
0.000000000000000000e+00
0.000000000000000000e+00
0.000000000000000000e+00
0.000000000000000000e+00
0.000000000000000000e+00
2.502554803307528719e-03
0.000000000000000000e+00
0.000000000000000000e+00
7.825525889144778480e-03
3.913435511192184246e-02
0.000000000000000000e+00
0.000000000000000000e+00
0.000000000000000000e+00
0.000000000000000000e+00
0.000000000000000000e+00
0.000000000000000000e+00
0.000000000000000000e+00
0.000000000000000000e+00
0.000000000000000000e+00
0.000000000000000000e+00
0.000000000000000000e+00
0.000000000000000000e+00
8.281488226351656212e-03
3.231443996673486222e-04
0.000000000000000000e+00
0.000000000000000000e+00
0.000000000000000000e+00
0.000000000000000000e+00
0.000000000000000000e+00
0.000000000000000000e+00
8.962329993394141034e-03
0.000000000000000000e+00
6.653971383847996851e-04
3.786283580634628582e-03
0.000000000000000000e+00
0.000000000000000000e+00
0.000000000000000000e+00
0.000000000000000000e+00
0.000000000000000000e+00
0.000000000000000000e+00
0.000000000000000000e+00
0.000000000000000000e+00
0.000000000000000000e+00
0.000000000000000000e+00
0.000000000000000000e+00
0.000000000000000000e+00
0.000000000000000000e+00
0.000000000000000000e+00
0.000000000000000000e+00
0.000000000000000000e+00
0.000000000000000000e+00
0.000000000000000000e+00
0.000000000000000000e+00
9.137923914274209344e-03
0.000000000000000000e+00
4.837744950039210221e-03
0.000000000000000000e+00
0.000000000000000000e+00
7.492536521426823755e-03
6.361627341117621686e-04
6.735080254878152151e-02
0.000000000000000000e+00
4.833078688590750592e-03
1.946085589313635610e-03
0.000000000000000000e+00
3.772898029874983787e-03
4.900611731734215808e-07
9.588586426612756911e-03
0.000000000000000000e+00
0.000000000000000000e+00
0.000000000000000000e+00
0.000000000000000000e+00
8.808172397234678708e-03
0.000000000000000000e+00
0.000000000000000000e+00
0.000000000000000000e+00
0.000000000000000000e+00
1.293612627063627200e-05
0.000000000000000000e+00
0.000000000000000000e+00
0.000000000000000000e+00
2.707421595955670016e-03
0.000000000000000000e+00
0.000000000000000000e+00
0.000000000000000000e+00
0.000000000000000000e+00
0.000000000000000000e+00
9.806930554328342070e-03
0.000000000000000000e+00
0.000000000000000000e+00
0.000000000000000000e+00
0.000000000000000000e+00
0.000000000000000000e+00
0.000000000000000000e+00
0.000000000000000000e+00
0.000000000000000000e+00
0.000000000000000000e+00
0.000000000000000000e+00
9.162281755117009270e-04
