6.874768427271848179e-05
0.000000000000000000e+00
0.000000000000000000e+00
0.000000000000000000e+00
0.000000000000000000e+00
0.000000000000000000e+00
0.000000000000000000e+00
0.000000000000000000e+00
0.000000000000000000e+00
6.563752672248894364e-05
0.000000000000000000e+00
7.184682115946747390e-03
5.819115095255235045e-04
1.311491520678616891e-03
0.000000000000000000e+00
0.000000000000000000e+00
0.000000000000000000e+00
0.000000000000000000e+00
4.488204190336540235e-05
3.431940916760444220e-04
0.000000000000000000e+00
0.000000000000000000e+00
0.000000000000000000e+00
0.000000000000000000e+00
1.103933466089770189e-05
0.000000000000000000e+00
0.000000000000000000e+00
0.000000000000000000e+00
0.000000000000000000e+00
0.000000000000000000e+00
3.213573170014861840e-04
0.000000000000000000e+00
5.044149990659417548e-02
3.128688834067913497e-04
1.171439155623501638e-04
0.000000000000000000e+00
0.000000000000000000e+00
0.000000000000000000e+00
0.000000000000000000e+00
4.000543412705372115e-03
0.000000000000000000e+00
0.000000000000000000e+00
0.000000000000000000e+00
0.000000000000000000e+00
4.626505533072403000e-05
6.430826859095319786e-04
1.199518309277239022e-04
2.452773954369797814e-04
0.000000000000000000e+00
3.873389984942852840e-04
5.233720745442480829e-04
0.000000000000000000e+00
0.000000000000000000e+00
0.000000000000000000e+00
0.000000000000000000e+00
0.000000000000000000e+00
3.607345834319489446e-04
3.256082772545307118e-04
0.000000000000000000e+00
0.000000000000000000e+00
1.058915253278476081e-04
0.000000000000000000e+00
0.000000000000000000e+00
0.000000000000000000e+00
0.000000000000000000e+00
0.000000000000000000e+00
0.000000000000000000e+00
0.000000000000000000e+00
1.152477026165776337e-04
4.195155960578130899e-05
0.000000000000000000e+00
0.000000000000000000e+00
0.000000000000000000e+00
1.289036550013994550e-03
0.000000000000000000e+00
0.000000000000000000e+00
2.101735631317206115e-04
0.000000000000000000e+00
0.000000000000000000e+00
0.000000000000000000e+00
0.000000000000000000e+00
0.000000000000000000e+00
0.000000000000000000e+00
0.000000000000000000e+00
2.384440933891237603e-03
0.000000000000000000e+00
0.000000000000000000e+00
5.371665503813506697e-05
0.000000000000000000e+00
1.751984450451348309e-04
0.000000000000000000e+00
0.000000000000000000e+00
0.000000000000000000e+00
3.731885543681104248e-06
2.367016702620216930e-07
0.000000000000000000e+00
2.262157150931880145e-05
4.736692606723899991e-05
0.000000000000000000e+00
8.820625851110457409e-05
0.000000000000000000e+00
0.000000000000000000e+00
0.000000000000000000e+00
0.000000000000000000e+00
0.000000000000000000e+00
0.000000000000000000e+00
0.000000000000000000e+00
0.000000000000000000e+00
6.131410242861473018e-04
2.827706011823619050e-03
0.000000000000000000e+00
1.028768262979272256e-03
0.000000000000000000e+00
0.000000000000000000e+00
2.400203320510504426e-04
0.000000000000000000e+00
0.000000000000000000e+00
0.000000000000000000e+00
0.000000000000000000e+00
0.000000000000000000e+00
0.000000000000000000e+00
8.236471098457587335e-04
0.000000000000000000e+00
0.000000000000000000e+00
2.756189942682374944e-05
1.645311220816484885e-02
0.000000000000000000e+00
0.000000000000000000e+00
0.000000000000000000e+00
0.000000000000000000e+00
0.000000000000000000e+00
0.000000000000000000e+00
0.000000000000000000e+00
0.000000000000000000e+00
0.000000000000000000e+00
0.000000000000000000e+00
0.000000000000000000e+00
0.000000000000000000e+00
2.759878529864480206e-04
5.638401005251655001e-07
0.000000000000000000e+00
0.000000000000000000e+00
0.000000000000000000e+00
0.000000000000000000e+00
0.000000000000000000e+00
0.000000000000000000e+00
4.983135965651784935e-05
0.000000000000000000e+00
5.392930671863531758e-05
2.338291557028759620e-06
0.000000000000000000e+00
0.000000000000000000e+00
0.000000000000000000e+00
0.000000000000000000e+00
0.000000000000000000e+00
0.000000000000000000e+00
0.000000000000000000e+00
0.000000000000000000e+00
0.000000000000000000e+00
0.000000000000000000e+00
0.000000000000000000e+00
0.000000000000000000e+00
0.000000000000000000e+00
0.000000000000000000e+00
0.000000000000000000e+00
0.000000000000000000e+00
0.000000000000000000e+00
0.000000000000000000e+00
0.000000000000000000e+00
3.344922050985410511e-04
0.000000000000000000e+00
4.152082616395539076e-04
0.000000000000000000e+00
0.000000000000000000e+00
3.291602241334234632e-04
6.508527476130911398e-05
6.478471189974375339e-05
0.000000000000000000e+00
1.651171386478565673e-04
1.991473860413027074e-04
0.000000000000000000e+00
1.399556837973259726e-03
6.075221208426780832e-04
8.541169233059223110e-04
0.000000000000000000e+00
0.000000000000000000e+00
0.000000000000000000e+00
0.000000000000000000e+00
3.013783290455276280e-04
0.000000000000000000e+00
0.000000000000000000e+00
0.000000000000000000e+00
0.000000000000000000e+00
3.762886612629994486e-04
0.000000000000000000e+00
0.000000000000000000e+00
0.000000000000000000e+00
4.431834227584733178e-05
0.000000000000000000e+00
0.000000000000000000e+00
0.000000000000000000e+00
0.000000000000000000e+00
0.000000000000000000e+00
4.810136821805521433e-04
0.000000000000000000e+00
0.000000000000000000e+00
0.000000000000000000e+00
0.000000000000000000e+00
0.000000000000000000e+00
0.000000000000000000e+00
0.000000000000000000e+00
0.000000000000000000e+00
0.000000000000000000e+00
0.000000000000000000e+00
3.446337127332888862e-03
