7.913607693105515005e-05
0.000000000000000000e+00
0.000000000000000000e+00
0.000000000000000000e+00
0.000000000000000000e+00
0.000000000000000000e+00
0.000000000000000000e+00
0.000000000000000000e+00
0.000000000000000000e+00
2.236719889049388601e-04
0.000000000000000000e+00
3.105677090230789250e-03
7.572530811256482407e-05
8.956930320521799523e-04
0.000000000000000000e+00
0.000000000000000000e+00
0.000000000000000000e+00
0.000000000000000000e+00
2.488265711410555796e-06
3.817395256587483395e-05
0.000000000000000000e+00
0.000000000000000000e+00
0.000000000000000000e+00
0.000000000000000000e+00
1.127455537509199204e-05
0.000000000000000000e+00
0.000000000000000000e+00
0.000000000000000000e+00
0.000000000000000000e+00
0.000000000000000000e+00
5.456414524752507174e-06
0.000000000000000000e+00
1.027707906418122985e-01
9.338418057111154262e-05
4.423216429967252805e-06
0.000000000000000000e+00
0.000000000000000000e+00
0.000000000000000000e+00
0.000000000000000000e+00
5.305394837168467964e-03
0.000000000000000000e+00
0.000000000000000000e+00
0.000000000000000000e+00
0.000000000000000000e+00
1.520824416571729836e-06
3.645472300028483148e-04
7.442268917971828527e-05
3.094958981613382893e-04
0.000000000000000000e+00
2.405374736856077697e-06
9.680299200787903892e-05
0.000000000000000000e+00
0.000000000000000000e+00
0.000000000000000000e+00
0.000000000000000000e+00
0.000000000000000000e+00
6.711511563630010639e-05
8.886934301828063390e-04
0.000000000000000000e+00
0.000000000000000000e+00
6.884988807903553174e-04
0.000000000000000000e+00
0.000000000000000000e+00
0.000000000000000000e+00
0.000000000000000000e+00
0.000000000000000000e+00
0.000000000000000000e+00
0.000000000000000000e+00
1.258139050504694268e-05
3.359406884063806186e-05
0.000000000000000000e+00
0.000000000000000000e+00
0.000000000000000000e+00
2.067841139692610890e-04
0.000000000000000000e+00
0.000000000000000000e+00
1.279919369297144102e-04
0.000000000000000000e+00
0.000000000000000000e+00
0.000000000000000000e+00
0.000000000000000000e+00
0.000000000000000000e+00
0.000000000000000000e+00
0.000000000000000000e+00
5.780675302089115317e-04
0.000000000000000000e+00
0.000000000000000000e+00
4.577608397374816529e-05
0.000000000000000000e+00
2.637294087227464999e-05
0.000000000000000000e+00
0.000000000000000000e+00
0.000000000000000000e+00
1.922555689879573105e-05
2.226924188309533669e-06
0.000000000000000000e+00
2.864879747491160954e-04
8.958283892656481736e-06
0.000000000000000000e+00
3.400869388096665314e-04
0.000000000000000000e+00
0.000000000000000000e+00
0.000000000000000000e+00
0.000000000000000000e+00
0.000000000000000000e+00
0.000000000000000000e+00
0.000000000000000000e+00
0.000000000000000000e+00
5.802008011595255157e-05
3.944714736078475180e-05
0.000000000000000000e+00
7.255851068275163962e-04
0.000000000000000000e+00
0.000000000000000000e+00
3.477699997489276598e+02
0.000000000000000000e+00
0.000000000000000000e+00
0.000000000000000000e+00
0.000000000000000000e+00
0.000000000000000000e+00
0.000000000000000000e+00
6.747143075012035146e-04
0.000000000000000000e+00
0.000000000000000000e+00
2.860914856548375622e-04
2.141100648358952238e-02
0.000000000000000000e+00
0.000000000000000000e+00
0.000000000000000000e+00
0.000000000000000000e+00
0.000000000000000000e+00
0.000000000000000000e+00
0.000000000000000000e+00
0.000000000000000000e+00
0.000000000000000000e+00
0.000000000000000000e+00
0.000000000000000000e+00
0.000000000000000000e+00
1.704905232537600390e-04
4.542089642134579567e-06
0.000000000000000000e+00
0.000000000000000000e+00
0.000000000000000000e+00
0.000000000000000000e+00
0.000000000000000000e+00
0.000000000000000000e+00
6.619972926262303466e-05
0.000000000000000000e+00
2.163654571201325446e-05
1.222574019837941166e-04
0.000000000000000000e+00
0.000000000000000000e+00
0.000000000000000000e+00
0.000000000000000000e+00
0.000000000000000000e+00
0.000000000000000000e+00
0.000000000000000000e+00
0.000000000000000000e+00
0.000000000000000000e+00
0.000000000000000000e+00
0.000000000000000000e+00
0.000000000000000000e+00
0.000000000000000000e+00
0.000000000000000000e+00
0.000000000000000000e+00
0.000000000000000000e+00
0.000000000000000000e+00
0.000000000000000000e+00
0.000000000000000000e+00
3.103039632610334921e-04
0.000000000000000000e+00
4.348204255426861591e-05
0.000000000000000000e+00
0.000000000000000000e+00
3.806000475818591562e-05
4.321985098608857576e-07
4.704383622375324343e-05
0.000000000000000000e+00
1.570883408942126767e-04
2.779005326877581942e-04
0.000000000000000000e+00
1.783672215694415814e-04
3.203531150697404122e-04
1.424235128534633932e-04
0.000000000000000000e+00
0.000000000000000000e+00
0.000000000000000000e+00
0.000000000000000000e+00
5.368729737617463862e-05
0.000000000000000000e+00
0.000000000000000000e+00
0.000000000000000000e+00
0.000000000000000000e+00
5.012857711562598433e-05
0.000000000000000000e+00
0.000000000000000000e+00
0.000000000000000000e+00
1.636613361344584332e-04
0.000000000000000000e+00
0.000000000000000000e+00
0.000000000000000000e+00
0.000000000000000000e+00
0.000000000000000000e+00
1.521228355157076909e-05
0.000000000000000000e+00
0.000000000000000000e+00
0.000000000000000000e+00
0.000000000000000000e+00
0.000000000000000000e+00
0.000000000000000000e+00
0.000000000000000000e+00
0.000000000000000000e+00
0.000000000000000000e+00
0.000000000000000000e+00
9.002113378672128765e-04
