3.499620824862836399e-04
0.000000000000000000e+00
0.000000000000000000e+00
0.000000000000000000e+00
0.000000000000000000e+00
0.000000000000000000e+00
0.000000000000000000e+00
0.000000000000000000e+00
0.000000000000000000e+00
2.404589700984066962e-04
0.000000000000000000e+00
7.184685349749194566e-03
1.492219093453933101e-03
1.244534738651517387e-03
0.000000000000000000e+00
0.000000000000000000e+00
0.000000000000000000e+00
0.000000000000000000e+00
2.655149772837849149e-03
5.217410600591255998e-03
0.000000000000000000e+00
0.000000000000000000e+00
0.000000000000000000e+00
0.000000000000000000e+00
8.747864257772540670e-04
0.000000000000000000e+00
0.000000000000000000e+00
0.000000000000000000e+00
0.000000000000000000e+00
0.000000000000000000e+00
2.806429523430074065e-03
0.000000000000000000e+00
5.645632203818944789e-02
3.354647057408710262e-03
7.367653606894402837e-03
0.000000000000000000e+00
0.000000000000000000e+00
0.000000000000000000e+00
0.000000000000000000e+00
3.289247676100987700e-02
0.000000000000000000e+00
0.000000000000000000e+00
0.000000000000000000e+00
0.000000000000000000e+00
6.101949867251486512e-03
1.492627904162060169e-03
5.849201106012056608e-04
4.064888005753149701e-03
0.000000000000000000e+00
2.631110050719805832e-03
1.071183550131216047e-03
0.000000000000000000e+00
0.000000000000000000e+00
0.000000000000000000e+00
0.000000000000000000e+00
0.000000000000000000e+00
3.607345686102441545e-04
6.339587024143327572e-04
0.000000000000000000e+00
0.000000000000000000e+00
3.566720746827301176e-03
0.000000000000000000e+00
0.000000000000000000e+00
0.000000000000000000e+00
0.000000000000000000e+00
0.000000000000000000e+00
0.000000000000000000e+00
0.000000000000000000e+00
2.210696891624362725e-03
7.636382014474214568e-05
0.000000000000000000e+00
0.000000000000000000e+00
0.000000000000000000e+00
2.012044688016677210e-03
0.000000000000000000e+00
0.000000000000000000e+00
1.151710259929339788e-03
0.000000000000000000e+00
0.000000000000000000e+00
0.000000000000000000e+00
0.000000000000000000e+00
0.000000000000000000e+00
0.000000000000000000e+00
0.000000000000000000e+00
3.150051327669191759e-03
0.000000000000000000e+00
0.000000000000000000e+00
1.901135703579115736e-03
0.000000000000000000e+00
7.618457914139055605e-03
0.000000000000000000e+00
0.000000000000000000e+00
0.000000000000000000e+00
2.678250759688912980e-03
6.601950236583801904e-04
0.000000000000000000e+00
1.042339258086383410e-03
4.004627038148493232e-03
0.000000000000000000e+00
8.820637932289381695e-05
0.000000000000000000e+00
0.000000000000000000e+00
0.000000000000000000e+00
0.000000000000000000e+00
0.000000000000000000e+00
0.000000000000000000e+00
0.000000000000000000e+00
0.000000000000000000e+00
4.411591414880793212e-03
5.744370749997632954e-03
0.000000000000000000e+00
1.228501719655128574e-03
0.000000000000000000e+00
0.000000000000000000e+00
5.792777884633279646e-03
0.000000000000000000e+00
0.000000000000000000e+00
0.000000000000000000e+00
0.000000000000000000e+00
0.000000000000000000e+00
0.000000000000000000e+00
4.647458827825943356e-04
0.000000000000000000e+00
0.000000000000000000e+00
3.332173077659449090e-03
3.768459233672852987e-02
0.000000000000000000e+00
0.000000000000000000e+00
0.000000000000000000e+00
0.000000000000000000e+00
0.000000000000000000e+00
0.000000000000000000e+00
0.000000000000000000e+00
0.000000000000000000e+00
0.000000000000000000e+00
0.000000000000000000e+00
0.000000000000000000e+00
0.000000000000000000e+00
5.807962633458328174e-03
3.122357813514907052e-05
0.000000000000000000e+00
0.000000000000000000e+00
0.000000000000000000e+00
0.000000000000000000e+00
0.000000000000000000e+00
0.000000000000000000e+00
4.285837958764399276e-03
0.000000000000000000e+00
8.515711124749740458e-05
1.119383710486283358e-03
0.000000000000000000e+00
0.000000000000000000e+00
0.000000000000000000e+00
0.000000000000000000e+00
0.000000000000000000e+00
0.000000000000000000e+00
0.000000000000000000e+00
0.000000000000000000e+00
0.000000000000000000e+00
0.000000000000000000e+00
0.000000000000000000e+00
0.000000000000000000e+00
0.000000000000000000e+00
0.000000000000000000e+00
0.000000000000000000e+00
0.000000000000000000e+00
0.000000000000000000e+00
0.000000000000000000e+00
0.000000000000000000e+00
6.004470061136600589e-03
0.000000000000000000e+00
1.014888830797204067e-03
0.000000000000000000e+00
0.000000000000000000e+00
1.019022258177578605e-02
7.911690674504938533e-05
2.725903055902622056e-04
0.000000000000000000e+00
3.405027178178562756e-04
1.991447605307227386e-04
0.000000000000000000e+00
1.399556260314858795e-03
7.162091526690400481e-04
6.311891466262723772e-03
0.000000000000000000e+00
0.000000000000000000e+00
0.000000000000000000e+00
0.000000000000000000e+00
3.376668112948985005e-03
0.000000000000000000e+00
0.000000000000000000e+00
0.000000000000000000e+00
0.000000000000000000e+00
3.762889387134871633e-04
0.000000000000000000e+00
0.000000000000000000e+00
0.000000000000000000e+00
6.453457200150931156e-05
0.000000000000000000e+00
0.000000000000000000e+00
0.000000000000000000e+00
0.000000000000000000e+00
0.000000000000000000e+00
5.735380109673065760e-03
0.000000000000000000e+00
0.000000000000000000e+00
0.000000000000000000e+00
0.000000000000000000e+00
0.000000000000000000e+00
0.000000000000000000e+00
0.000000000000000000e+00
0.000000000000000000e+00
0.000000000000000000e+00
0.000000000000000000e+00
3.446331536557449907e-03
