6.874767136937170152e-05
0.000000000000000000e+00
0.000000000000000000e+00
0.000000000000000000e+00
0.000000000000000000e+00
0.000000000000000000e+00
0.000000000000000000e+00
0.000000000000000000e+00
0.000000000000000000e+00
6.563753751387833217e-05
0.000000000000000000e+00
7.184675908130840234e-03
5.819113987725363195e-04
1.244531316872131942e-03
0.000000000000000000e+00
0.000000000000000000e+00
0.000000000000000000e+00
0.000000000000000000e+00
4.488204594017863088e-05
1.592807888618767882e-04
0.000000000000000000e+00
0.000000000000000000e+00
0.000000000000000000e+00
0.000000000000000000e+00
1.103926203758391630e-05
0.000000000000000000e+00
0.000000000000000000e+00
0.000000000000000000e+00
0.000000000000000000e+00
0.000000000000000000e+00
3.213572418095037692e-04
0.000000000000000000e+00
5.044150210477521545e-02
3.128686878733009631e-04
1.171453101866673713e-04
0.000000000000000000e+00
0.000000000000000000e+00
0.000000000000000000e+00
0.000000000000000000e+00
4.000542827606570241e-03
0.000000000000000000e+00
0.000000000000000000e+00
0.000000000000000000e+00
0.000000000000000000e+00
4.626507944707734674e-05
6.430826435383566169e-04
1.199518606067730240e-04
2.452771113881260616e-04
0.000000000000000000e+00
3.873390477422785543e-04
5.233719886627625660e-04
0.000000000000000000e+00
0.000000000000000000e+00
0.000000000000000000e+00
0.000000000000000000e+00
0.000000000000000000e+00
3.607350360838362715e-04
3.256076367383291107e-04
0.000000000000000000e+00
0.000000000000000000e+00
1.058915701860378635e-04
0.000000000000000000e+00
0.000000000000000000e+00
0.000000000000000000e+00
0.000000000000000000e+00
0.000000000000000000e+00
0.000000000000000000e+00
0.000000000000000000e+00
1.152477096677684959e-04
1.579799542810069371e-05
0.000000000000000000e+00
0.000000000000000000e+00
0.000000000000000000e+00
1.289036603121409500e-03
0.000000000000000000e+00
0.000000000000000000e+00
2.101736884552055182e-04
0.000000000000000000e+00
0.000000000000000000e+00
0.000000000000000000e+00
0.000000000000000000e+00
0.000000000000000000e+00
0.000000000000000000e+00
0.000000000000000000e+00
2.384441091314033322e-03
0.000000000000000000e+00
0.000000000000000000e+00
5.371660380474238268e-05
0.000000000000000000e+00
1.751987695897246555e-04
0.000000000000000000e+00
0.000000000000000000e+00
0.000000000000000000e+00
3.732035285262563274e-06
2.367001374361293659e-07
0.000000000000000000e+00
2.262164167997811348e-05
4.736689903840933177e-05
0.000000000000000000e+00
8.820588482131388769e-05
0.000000000000000000e+00
0.000000000000000000e+00
0.000000000000000000e+00
0.000000000000000000e+00
0.000000000000000000e+00
0.000000000000000000e+00
0.000000000000000000e+00
0.000000000000000000e+00
6.131416084601288424e-04
2.827707859605606364e-03
0.000000000000000000e+00
1.028767802315278977e-03
0.000000000000000000e+00
0.000000000000000000e+00
2.400202980857557816e-04
0.000000000000000000e+00
0.000000000000000000e+00
0.000000000000000000e+00
0.000000000000000000e+00
0.000000000000000000e+00
0.000000000000000000e+00
8.236472844579002112e-04
0.000000000000000000e+00
0.000000000000000000e+00
2.756180764136183828e-05
1.645311263865730997e-02
0.000000000000000000e+00
0.000000000000000000e+00
0.000000000000000000e+00
0.000000000000000000e+00
0.000000000000000000e+00
0.000000000000000000e+00
0.000000000000000000e+00
0.000000000000000000e+00
0.000000000000000000e+00
0.000000000000000000e+00
0.000000000000000000e+00
0.000000000000000000e+00
2.759877949385866353e-04
5.638393983246397618e-07
0.000000000000000000e+00
0.000000000000000000e+00
0.000000000000000000e+00
0.000000000000000000e+00
0.000000000000000000e+00
0.000000000000000000e+00
4.983151914358810788e-05
0.000000000000000000e+00
5.392929576816451537e-05
2.338363119558006745e-06
0.000000000000000000e+00
0.000000000000000000e+00
0.000000000000000000e+00
0.000000000000000000e+00
0.000000000000000000e+00
0.000000000000000000e+00
0.000000000000000000e+00
0.000000000000000000e+00
0.000000000000000000e+00
0.000000000000000000e+00
0.000000000000000000e+00
0.000000000000000000e+00
0.000000000000000000e+00
0.000000000000000000e+00
0.000000000000000000e+00
0.000000000000000000e+00
0.000000000000000000e+00
0.000000000000000000e+00
0.000000000000000000e+00
3.344922173094307398e-04
0.000000000000000000e+00
4.152082872843748640e-04
0.000000000000000000e+00
0.000000000000000000e+00
3.291582677048452928e-04
6.508529965501011971e-05
6.478474795127305539e-05
0.000000000000000000e+00
1.651171417265669497e-04
1.991452092739691307e-04
0.000000000000000000e+00
1.399556562221201820e-03
6.075220070636404594e-04
8.541169768964100443e-04
0.000000000000000000e+00
0.000000000000000000e+00
0.000000000000000000e+00
0.000000000000000000e+00
3.013783092618757520e-04
0.000000000000000000e+00
0.000000000000000000e+00
0.000000000000000000e+00
0.000000000000000000e+00
3.762889408683589305e-04
0.000000000000000000e+00
0.000000000000000000e+00
0.000000000000000000e+00
4.431834066577637529e-05
0.000000000000000000e+00
0.000000000000000000e+00
0.000000000000000000e+00
0.000000000000000000e+00
0.000000000000000000e+00
4.810132465218245712e-04
0.000000000000000000e+00
0.000000000000000000e+00
0.000000000000000000e+00
0.000000000000000000e+00
0.000000000000000000e+00
0.000000000000000000e+00
0.000000000000000000e+00
0.000000000000000000e+00
0.000000000000000000e+00
0.000000000000000000e+00
3.446336221456920007e-03
