5.348055150247060015e-04
0.000000000000000000e+00
0.000000000000000000e+00
0.000000000000000000e+00
0.000000000000000000e+00
0.000000000000000000e+00
0.000000000000000000e+00
0.000000000000000000e+00
0.000000000000000000e+00
3.429701754668668437e-04
0.000000000000000000e+00
4.389374253433687804e-03
1.435498518571676164e-03
9.295115842219703328e-04
0.000000000000000000e+00
0.000000000000000000e+00
0.000000000000000000e+00
0.000000000000000000e+00
3.789114749519754857e-04
1.117913521138080932e-03
0.000000000000000000e+00
0.000000000000000000e+00
0.000000000000000000e+00
0.000000000000000000e+00
9.410295061682015288e-05
0.000000000000000000e+00
0.000000000000000000e+00
0.000000000000000000e+00
0.000000000000000000e+00
0.000000000000000000e+00
1.602228025906967139e-05
0.000000000000000000e+00
5.645282341238093415e-02
9.989603029653191905e-04
7.707223637165804518e-04
0.000000000000000000e+00
0.000000000000000000e+00
0.000000000000000000e+00
0.000000000000000000e+00
7.227993959700676832e-03
0.000000000000000000e+00
0.000000000000000000e+00
0.000000000000000000e+00
0.000000000000000000e+00
2.600810992516192446e-04
1.567954005511423008e-03
6.779458527844975336e-04
2.236141567050315641e-03
0.000000000000000000e+00
1.091950075574777291e-03
1.318727086932964740e-03
0.000000000000000000e+00
0.000000000000000000e+00
0.000000000000000000e+00
0.000000000000000000e+00
0.000000000000000000e+00
5.668659669036187364e-05
9.205280531642252937e-04
0.000000000000000000e+00
0.000000000000000000e+00
1.569795903308293097e-03
0.000000000000000000e+00
0.000000000000000000e+00
0.000000000000000000e+00
0.000000000000000000e+00
0.000000000000000000e+00
0.000000000000000000e+00
0.000000000000000000e+00
2.663110351794868179e-05
8.832997312207015229e-06
0.000000000000000000e+00
0.000000000000000000e+00
0.000000000000000000e+00
2.437108772927780269e-03
0.000000000000000000e+00
0.000000000000000000e+00
1.172298546605109485e-03
0.000000000000000000e+00
0.000000000000000000e+00
0.000000000000000000e+00
0.000000000000000000e+00
0.000000000000000000e+00
0.000000000000000000e+00
0.000000000000000000e+00
3.769682134095088660e-03
0.000000000000000000e+00
0.000000000000000000e+00
4.818302279641795832e-04
0.000000000000000000e+00
7.026390815534139982e-04
0.000000000000000000e+00
0.000000000000000000e+00
0.000000000000000000e+00
1.590498812325185989e-04
2.082694600055756174e-04
0.000000000000000000e+00
3.131925926561080604e-04
5.284176439147757675e-04
0.000000000000000000e+00
1.743398805294029438e-04
0.000000000000000000e+00
0.000000000000000000e+00
0.000000000000000000e+00
0.000000000000000000e+00
0.000000000000000000e+00
0.000000000000000000e+00
0.000000000000000000e+00
0.000000000000000000e+00
1.003514323651629749e-04
9.320890379818766360e-05
0.000000000000000000e+00
4.853227087268947165e-04
0.000000000000000000e+00
0.000000000000000000e+00
4.418051959130391850e-04
0.000000000000000000e+00
0.000000000000000000e+00
0.000000000000000000e+00
0.000000000000000000e+00
0.000000000000000000e+00
0.000000000000000000e+00
3.591972296819486549e-04
0.000000000000000000e+00
0.000000000000000000e+00
8.272854425856647822e+02
3.858653756440898197e-02
0.000000000000000000e+00
0.000000000000000000e+00
0.000000000000000000e+00
0.000000000000000000e+00
0.000000000000000000e+00
0.000000000000000000e+00
0.000000000000000000e+00
0.000000000000000000e+00
0.000000000000000000e+00
0.000000000000000000e+00
0.000000000000000000e+00
0.000000000000000000e+00
1.149123402713536505e-03
4.942493511692712242e-05
0.000000000000000000e+00
0.000000000000000000e+00
0.000000000000000000e+00
0.000000000000000000e+00
0.000000000000000000e+00
0.000000000000000000e+00
1.123808226583028393e-03
0.000000000000000000e+00
2.610940720068964419e-05
2.145256869599600235e-04
0.000000000000000000e+00
0.000000000000000000e+00
0.000000000000000000e+00
0.000000000000000000e+00
0.000000000000000000e+00
0.000000000000000000e+00
0.000000000000000000e+00
0.000000000000000000e+00
0.000000000000000000e+00
0.000000000000000000e+00
0.000000000000000000e+00
0.000000000000000000e+00
0.000000000000000000e+00
0.000000000000000000e+00
0.000000000000000000e+00
0.000000000000000000e+00
0.000000000000000000e+00
0.000000000000000000e+00
0.000000000000000000e+00
1.113273548507113554e-03
0.000000000000000000e+00
1.180702234332559920e-03
0.000000000000000000e+00
0.000000000000000000e+00
8.761348936365689162e-04
3.034231542174316634e-02
2.272300258634968212e-07
0.000000000000000000e+00
4.228357551883365475e-06
4.323352616190010399e-04
0.000000000000000000e+00
2.464922611747253581e-03
2.855167463624690431e-04
1.861595781767924661e-03
0.000000000000000000e+00
0.000000000000000000e+00
0.000000000000000000e+00
0.000000000000000000e+00
9.069217261968105705e-04
0.000000000000000000e+00
0.000000000000000000e+00
0.000000000000000000e+00
0.000000000000000000e+00
1.293706407176579485e-05
0.000000000000000000e+00
0.000000000000000000e+00
0.000000000000000000e+00
7.826342625491690798e-05
0.000000000000000000e+00
0.000000000000000000e+00
0.000000000000000000e+00
0.000000000000000000e+00
0.000000000000000000e+00
1.252154772848201132e-03
0.000000000000000000e+00
0.000000000000000000e+00
0.000000000000000000e+00
0.000000000000000000e+00
0.000000000000000000e+00
0.000000000000000000e+00
0.000000000000000000e+00
0.000000000000000000e+00
0.000000000000000000e+00
0.000000000000000000e+00
9.162280758221766049e-04
