9.010794955035420840e-05
0.000000000000000000e+00
0.000000000000000000e+00
0.000000000000000000e+00
0.000000000000000000e+00
0.000000000000000000e+00
0.000000000000000000e+00
0.000000000000000000e+00
0.000000000000000000e+00
5.723013359023985387e-06
0.000000000000000000e+00
3.105676460823519891e-03
7.288080705200234203e-05
8.956933951264569758e-04
0.000000000000000000e+00
0.000000000000000000e+00
0.000000000000000000e+00
0.000000000000000000e+00
3.151385545951103048e-04
9.972187818168037898e-01
0.000000000000000000e+00
0.000000000000000000e+00
0.000000000000000000e+00
0.000000000000000000e+00
2.309770303167207536e-04
0.000000000000000000e+00
0.000000000000000000e+00
0.000000000000000000e+00
0.000000000000000000e+00
0.000000000000000000e+00
6.596980613325772666e-05
0.000000000000000000e+00
5.763466704055570516e-02
3.263707308931164635e-04
1.163088832252610200e-04
0.000000000000000000e+00
0.000000000000000000e+00
0.000000000000000000e+00
0.000000000000000000e+00
1.590842245087526613e-02
0.000000000000000000e+00
0.000000000000000000e+00
0.000000000000000000e+00
0.000000000000000000e+00
3.090073898583851897e-03
3.223798823000849053e-04
4.173440184739117648e-08
2.902047704613155846e-04
0.000000000000000000e+00
1.921300952326096834e+01
1.379336093235133801e-04
0.000000000000000000e+00
0.000000000000000000e+00
0.000000000000000000e+00
0.000000000000000000e+00
0.000000000000000000e+00
9.254887253561562695e-05
1.132516863463866458e-03
0.000000000000000000e+00
0.000000000000000000e+00
2.262035267627010473e-04
0.000000000000000000e+00
0.000000000000000000e+00
0.000000000000000000e+00
0.000000000000000000e+00
0.000000000000000000e+00
0.000000000000000000e+00
0.000000000000000000e+00
9.818515295993758031e-04
5.204834039717525038e-04
0.000000000000000000e+00
0.000000000000000000e+00
0.000000000000000000e+00
2.067841409861258543e-04
0.000000000000000000e+00
0.000000000000000000e+00
1.066386879642166187e-04
0.000000000000000000e+00
0.000000000000000000e+00
0.000000000000000000e+00
0.000000000000000000e+00
0.000000000000000000e+00
0.000000000000000000e+00
0.000000000000000000e+00
5.780675358838820079e-04
0.000000000000000000e+00
0.000000000000000000e+00
1.740511266793197485e-04
0.000000000000000000e+00
1.814688081877145320e-03
0.000000000000000000e+00
0.000000000000000000e+00
0.000000000000000000e+00
8.838751270071339801e-04
1.709780367416965604e-05
0.000000000000000000e+00
2.864878245638467638e-04
1.199836184210940036e-04
0.000000000000000000e+00
3.400859135439322951e-04
0.000000000000000000e+00
0.000000000000000000e+00
0.000000000000000000e+00
0.000000000000000000e+00
0.000000000000000000e+00
0.000000000000000000e+00
0.000000000000000000e+00
0.000000000000000000e+00
5.897864845251767833e-05
5.988519991271251675e-02
0.000000000000000000e+00
7.255851216127049861e-04
0.000000000000000000e+00
0.000000000000000000e+00
7.052855439616769926e-05
0.000000000000000000e+00
0.000000000000000000e+00
0.000000000000000000e+00
0.000000000000000000e+00
0.000000000000000000e+00
0.000000000000000000e+00
1.974742167545301099e-05
0.000000000000000000e+00
0.000000000000000000e+00
2.653020219782701986e-04
3.745945613050296469e-02
0.000000000000000000e+00
0.000000000000000000e+00
0.000000000000000000e+00
0.000000000000000000e+00
0.000000000000000000e+00
0.000000000000000000e+00
0.000000000000000000e+00
0.000000000000000000e+00
0.000000000000000000e+00
0.000000000000000000e+00
0.000000000000000000e+00
0.000000000000000000e+00
5.234849443559823877e-05
5.317882424849515100e-07
0.000000000000000000e+00
0.000000000000000000e+00
0.000000000000000000e+00
0.000000000000000000e+00
0.000000000000000000e+00
0.000000000000000000e+00
2.443902155833393065e-06
0.000000000000000000e+00
5.422289894370088735e-06
3.706120510609271692e-06
0.000000000000000000e+00
0.000000000000000000e+00
0.000000000000000000e+00
0.000000000000000000e+00
0.000000000000000000e+00
0.000000000000000000e+00
0.000000000000000000e+00
0.000000000000000000e+00
0.000000000000000000e+00
0.000000000000000000e+00
0.000000000000000000e+00
0.000000000000000000e+00
0.000000000000000000e+00
0.000000000000000000e+00
0.000000000000000000e+00
0.000000000000000000e+00
0.000000000000000000e+00
0.000000000000000000e+00
0.000000000000000000e+00
5.798075091136719022e-04
0.000000000000000000e+00
5.283065656395377244e-05
0.000000000000000000e+00
0.000000000000000000e+00
3.806015166226202502e-05
2.431507083973279544e-05
5.120011907285515430e-04
0.000000000000000000e+00
9.994291429108890980e-04
5.940076434225622119e-04
0.000000000000000000e+00
1.783672620478624624e-04
4.349788771301231808e-04
3.182715776881964083e-05
0.000000000000000000e+00
0.000000000000000000e+00
0.000000000000000000e+00
0.000000000000000000e+00
1.730067228248767118e-04
0.000000000000000000e+00
0.000000000000000000e+00
0.000000000000000000e+00
0.000000000000000000e+00
5.012855379457384331e-05
0.000000000000000000e+00
0.000000000000000000e+00
0.000000000000000000e+00
1.887353540350406381e-04
0.000000000000000000e+00
0.000000000000000000e+00
0.000000000000000000e+00
0.000000000000000000e+00
0.000000000000000000e+00
7.452729625268798982e-05
0.000000000000000000e+00
0.000000000000000000e+00
0.000000000000000000e+00
0.000000000000000000e+00
0.000000000000000000e+00
0.000000000000000000e+00
0.000000000000000000e+00
0.000000000000000000e+00
0.000000000000000000e+00
0.000000000000000000e+00
9.002114090368051229e-04
