7.913605342404799110e-05
0.000000000000000000e+00
0.000000000000000000e+00
0.000000000000000000e+00
0.000000000000000000e+00
0.000000000000000000e+00
0.000000000000000000e+00
0.000000000000000000e+00
0.000000000000000000e+00
2.247435450520757520e-04
0.000000000000000000e+00
3.105676803606397928e-03
7.572530623892707738e-05
8.956930362907913673e-04
0.000000000000000000e+00
0.000000000000000000e+00
0.000000000000000000e+00
0.000000000000000000e+00
2.488280330974091248e-06
3.817397012102936182e-05
0.000000000000000000e+00
0.000000000000000000e+00
0.000000000000000000e+00
0.000000000000000000e+00
1.127472068828228845e-05
0.000000000000000000e+00
0.000000000000000000e+00
0.000000000000000000e+00
0.000000000000000000e+00
0.000000000000000000e+00
5.457496737763743530e-06
0.000000000000000000e+00
1.027713329347737792e-01
9.338418415653809463e-05
4.423220264130600711e-06
0.000000000000000000e+00
0.000000000000000000e+00
0.000000000000000000e+00
0.000000000000000000e+00
5.305376539082392977e-03
0.000000000000000000e+00
0.000000000000000000e+00
0.000000000000000000e+00
0.000000000000000000e+00
1.520476636927697847e-06
3.645472298251295810e-04
7.442264618617084237e-05
3.094958628757694973e-04
0.000000000000000000e+00
2.405357673500579918e-06
9.680299383244746225e-05
0.000000000000000000e+00
0.000000000000000000e+00
0.000000000000000000e+00
0.000000000000000000e+00
0.000000000000000000e+00
9.254875073713936078e-05
7.519385135580679887e-04
0.000000000000000000e+00
0.000000000000000000e+00
6.884988586252534237e-04
0.000000000000000000e+00
0.000000000000000000e+00
0.000000000000000000e+00
0.000000000000000000e+00
0.000000000000000000e+00
0.000000000000000000e+00
0.000000000000000000e+00
1.258139722729139431e-05
3.359417548599782775e-05
0.000000000000000000e+00
0.000000000000000000e+00
0.000000000000000000e+00
2.067841253958858450e-04
0.000000000000000000e+00
0.000000000000000000e+00
1.279919456800185211e-04
0.000000000000000000e+00
0.000000000000000000e+00
0.000000000000000000e+00
0.000000000000000000e+00
0.000000000000000000e+00
0.000000000000000000e+00
0.000000000000000000e+00
5.780675118760756313e-04
0.000000000000000000e+00
0.000000000000000000e+00
4.577608680161303356e-05
0.000000000000000000e+00
2.637319852953108482e-05
0.000000000000000000e+00
0.000000000000000000e+00
0.000000000000000000e+00
1.922618545774273176e-05
2.226918006445178605e-06
0.000000000000000000e+00
2.864879507387621147e-04
8.958286291866044378e-06
0.000000000000000000e+00
3.400868692022398837e-04
0.000000000000000000e+00
0.000000000000000000e+00
0.000000000000000000e+00
0.000000000000000000e+00
0.000000000000000000e+00
0.000000000000000000e+00
0.000000000000000000e+00
0.000000000000000000e+00
5.799924927361335241e-05
3.944718616885748076e-05
0.000000000000000000e+00
7.255851088954118388e-04
0.000000000000000000e+00
0.000000000000000000e+00
7.585721126102579247e-05
0.000000000000000000e+00
0.000000000000000000e+00
0.000000000000000000e+00
0.000000000000000000e+00
0.000000000000000000e+00
0.000000000000000000e+00
6.747141998714461944e-04
0.000000000000000000e+00
0.000000000000000000e+00
2.860914765698312147e-04
2.141100513554243176e-02
0.000000000000000000e+00
0.000000000000000000e+00
0.000000000000000000e+00
0.000000000000000000e+00
0.000000000000000000e+00
0.000000000000000000e+00
0.000000000000000000e+00
0.000000000000000000e+00
0.000000000000000000e+00
0.000000000000000000e+00
0.000000000000000000e+00
0.000000000000000000e+00
1.704899417007189368e-04
4.542089408186749384e-06
0.000000000000000000e+00
0.000000000000000000e+00
0.000000000000000000e+00
0.000000000000000000e+00
0.000000000000000000e+00
0.000000000000000000e+00
6.619967007639422716e-05
0.000000000000000000e+00
2.163653847122685720e-05
1.222573002351877501e-04
0.000000000000000000e+00
0.000000000000000000e+00
0.000000000000000000e+00
0.000000000000000000e+00
0.000000000000000000e+00
0.000000000000000000e+00
0.000000000000000000e+00
0.000000000000000000e+00
0.000000000000000000e+00
0.000000000000000000e+00
0.000000000000000000e+00
0.000000000000000000e+00
0.000000000000000000e+00
0.000000000000000000e+00
0.000000000000000000e+00
0.000000000000000000e+00
0.000000000000000000e+00
0.000000000000000000e+00
0.000000000000000000e+00
3.103037773390648619e-04
0.000000000000000000e+00
4.348197439308721171e-05
0.000000000000000000e+00
0.000000000000000000e+00
3.805995291276086779e-05
4.321961255584417724e-07
4.704384639992476047e-05
0.000000000000000000e+00
1.570883022483272212e-04
2.779013546565734178e-04
0.000000000000000000e+00
1.783672775590393052e-04
3.203532203669886007e-04
1.424235737727310705e-04
0.000000000000000000e+00
0.000000000000000000e+00
0.000000000000000000e+00
0.000000000000000000e+00
5.368713012171626799e-05
0.000000000000000000e+00
0.000000000000000000e+00
0.000000000000000000e+00
0.000000000000000000e+00
5.012855288376474291e-05
0.000000000000000000e+00
0.000000000000000000e+00
0.000000000000000000e+00
1.636608180085605073e-04
0.000000000000000000e+00
0.000000000000000000e+00
0.000000000000000000e+00
0.000000000000000000e+00
0.000000000000000000e+00
1.521219480483680335e-05
0.000000000000000000e+00
0.000000000000000000e+00
0.000000000000000000e+00
0.000000000000000000e+00
0.000000000000000000e+00
0.000000000000000000e+00
0.000000000000000000e+00
0.000000000000000000e+00
0.000000000000000000e+00
0.000000000000000000e+00
9.002110643493738563e-04
