5.348050559994895099e-04
0.000000000000000000e+00
0.000000000000000000e+00
0.000000000000000000e+00
0.000000000000000000e+00
0.000000000000000000e+00
0.000000000000000000e+00
0.000000000000000000e+00
0.000000000000000000e+00
3.429699614547130878e-04
0.000000000000000000e+00
4.389371180828816749e-03
1.435495605819130495e-03
9.295110650245100260e-04
0.000000000000000000e+00
0.000000000000000000e+00
0.000000000000000000e+00
0.000000000000000000e+00
3.789114484508078516e-04
1.117913029209741940e-03
0.000000000000000000e+00
0.000000000000000000e+00
0.000000000000000000e+00
0.000000000000000000e+00
9.410276657970103123e-05
0.000000000000000000e+00
0.000000000000000000e+00
0.000000000000000000e+00
0.000000000000000000e+00
0.000000000000000000e+00
1.602220914397106262e-05
0.000000000000000000e+00
5.645295481532992127e-02
9.989603948813863959e-04
7.707254361402171398e-04
0.000000000000000000e+00
0.000000000000000000e+00
0.000000000000000000e+00
0.000000000000000000e+00
7.227992897377672095e-03
0.000000000000000000e+00
0.000000000000000000e+00
0.000000000000000000e+00
0.000000000000000000e+00
5.136792786936977655e-03
1.567952813668183239e-03
6.779459244064207695e-04
2.236142329642600533e-03
0.000000000000000000e+00
1.091949685945521132e-03
1.318727235725361113e-03
0.000000000000000000e+00
0.000000000000000000e+00
0.000000000000000000e+00
0.000000000000000000e+00
0.000000000000000000e+00
5.668658031335471493e-05
9.205279681928294887e-04
0.000000000000000000e+00
0.000000000000000000e+00
4.853195429743540484e-03
0.000000000000000000e+00
0.000000000000000000e+00
0.000000000000000000e+00
0.000000000000000000e+00
0.000000000000000000e+00
0.000000000000000000e+00
0.000000000000000000e+00
2.663105667619754824e-05
3.626146751525408107e-01
0.000000000000000000e+00
0.000000000000000000e+00
0.000000000000000000e+00
2.437089251584504020e-03
0.000000000000000000e+00
0.000000000000000000e+00
1.172298513718268665e-03
0.000000000000000000e+00
0.000000000000000000e+00
0.000000000000000000e+00
0.000000000000000000e+00
0.000000000000000000e+00
0.000000000000000000e+00
0.000000000000000000e+00
3.769682565003407235e-03
0.000000000000000000e+00
0.000000000000000000e+00
4.818306629116987194e-04
0.000000000000000000e+00
7.026384198292266172e-04
0.000000000000000000e+00
0.000000000000000000e+00
0.000000000000000000e+00
3.540844369008738952e-03
2.082695357811278729e-04
0.000000000000000000e+00
3.131921820187252392e-04
5.284186018866755992e-04
0.000000000000000000e+00
1.743405110421633272e-04
0.000000000000000000e+00
0.000000000000000000e+00
0.000000000000000000e+00
0.000000000000000000e+00
0.000000000000000000e+00
0.000000000000000000e+00
0.000000000000000000e+00
0.000000000000000000e+00
1.003520822118325471e-04
9.320964330072019680e-05
0.000000000000000000e+00
2.702088407162773825e-04
0.000000000000000000e+00
0.000000000000000000e+00
4.418060324669194436e-04
0.000000000000000000e+00
0.000000000000000000e+00
0.000000000000000000e+00
0.000000000000000000e+00
0.000000000000000000e+00
0.000000000000000000e+00
3.591970046771896896e-04
0.000000000000000000e+00
0.000000000000000000e+00
1.957838604219845104e-03
3.858653714874574897e-02
0.000000000000000000e+00
0.000000000000000000e+00
0.000000000000000000e+00
0.000000000000000000e+00
0.000000000000000000e+00
0.000000000000000000e+00
0.000000000000000000e+00
0.000000000000000000e+00
0.000000000000000000e+00
0.000000000000000000e+00
0.000000000000000000e+00
0.000000000000000000e+00
1.149123270957840091e-03
4.942492544120020759e-05
0.000000000000000000e+00
0.000000000000000000e+00
0.000000000000000000e+00
0.000000000000000000e+00
0.000000000000000000e+00
0.000000000000000000e+00
1.123808320737190941e-03
0.000000000000000000e+00
2.610946238783114906e-05
2.145260426126678556e-04
0.000000000000000000e+00
0.000000000000000000e+00
0.000000000000000000e+00
0.000000000000000000e+00
0.000000000000000000e+00
0.000000000000000000e+00
0.000000000000000000e+00
0.000000000000000000e+00
0.000000000000000000e+00
0.000000000000000000e+00
0.000000000000000000e+00
0.000000000000000000e+00
0.000000000000000000e+00
0.000000000000000000e+00
0.000000000000000000e+00
0.000000000000000000e+00
0.000000000000000000e+00
0.000000000000000000e+00
0.000000000000000000e+00
1.113285164814845898e-03
0.000000000000000000e+00
1.180702128287117528e-03
0.000000000000000000e+00
0.000000000000000000e+00
8.761345624633324041e-04
7.960683881682229500e-07
2.272300640702887505e-07
0.000000000000000000e+00
4.228347923453366038e-06
4.323358316751786494e-04
0.000000000000000000e+00
2.464927041996398983e-03
2.855167058204470466e-04
1.861591864078799511e-03
0.000000000000000000e+00
0.000000000000000000e+00
0.000000000000000000e+00
0.000000000000000000e+00
9.069218768735548726e-04
0.000000000000000000e+00
0.000000000000000000e+00
0.000000000000000000e+00
0.000000000000000000e+00
1.293639324767791360e-05
0.000000000000000000e+00
0.000000000000000000e+00
0.000000000000000000e+00
7.826340566905171504e-05
0.000000000000000000e+00
0.000000000000000000e+00
0.000000000000000000e+00
0.000000000000000000e+00
0.000000000000000000e+00
1.252157315067544156e-03
0.000000000000000000e+00
0.000000000000000000e+00
0.000000000000000000e+00
0.000000000000000000e+00
0.000000000000000000e+00
0.000000000000000000e+00
0.000000000000000000e+00
0.000000000000000000e+00
0.000000000000000000e+00
0.000000000000000000e+00
9.162269209765602253e-04
